name	sp	mother	block	poss	xcoord	ycoord	treat	mort	Sday	surv	date_dead	date_ab	wden	dden	sla	dia	Lday	Labs
A1	sjoh	8K_SJoh_8	A	1	0	0	18	1	41	0	28.08.2015	09.08.2015	NA	NA	NA	3.75	22	1
A2	ssmi	Ssmi_m_2	A	2	0.5	0	15	1	30	0	17.08.2015	27.07.2015	NA	NA	NA	3.98	9	1
A3	pmal	Pm_m_3	A	3	1	0	0	0	84	1	NA	NA	1.064919493	0.490407674	0.196104246	3.13	84	0
A4	dry	DL_m_1	A	4	1.5	0	12	0	84	1	NA	NA	1.10087116	0.668653523	0.171280924	4.8	84	0
A5	sxan	Sxan_1	A	5	2	0	18	1	33	0	20.08.2015	11.08.2015	NA	NA	NA	4.04	24	1
A6	slep	8Pslep_2	A	6	2.5	0	6	0	84	1	NA	22.09.2015	0.910311451	0.45460932	NA	5.2	66	1
A7	ptom	Ptom_3	A	7	3	0	6	0	84	1	NA	23.07.2015	0.920808301	0.76160568	0.159190506	4.24	5	1
A8	slep	12I_Slep_3	A	8	3.5	0	18	0	84	1	NA	28.08.2015	0.87933436	0.41455905	0.205018076	5.97	41	1
A9	slep	12H_Slep_8	A	9	0	0.5	0	0	84	1	NA	08.10.2015	0.899536928	0.339298328	0.225519883	4.6	82	1
A10	ssem	SS	A	10	0.5	0.5	3	0	84	1	NA	NA	1.024518932	0.667520174	0.190580183	4.19	84	0
A11	slep	SL_maliau	A	11	1	0.5	9	0	84	1	NA	02.09.2015	0.977670489	0.494749547	NA	4.38	46	1
A12	spar	SP_m_7	A	12	1.5	0.5	0	0	84	1	NA	05.09.2015	0.973867596	0.410627178	0.178042013	3.06	49	1
A13	dry	DL_m_1	A	13	2	0.5	15	0	84	1	NA	NA	1.089307049	0.605236957	NA	6.7	84	0
A14	ssem	SS	A	14	2.5	0.5	6	0	84	1	NA	10.08.2015	NA	NA	NA	2.56	23	1
A15	ssem	SS	A	15	3	0.5	0	0	84	1	NA	NA	1.09150406	0.522239729	0.163026422	4.43	84	0
A16	spar	Sp_m_3	A	16	3.5	0.5	15	1	66	0	22.09.2015	17.08.2015	0.692261993	0.633892767	NA	4.21	30	1
A17	ssem	SS	A	17	0	1	18	1	55	0	11.09.2015	14.09.2015	NA	NA	NA	3.29	58	1
A18	sxan	8m_Sxan_3	A	18	0.5	1	18	1	26	0	13.08.2015	18.08.2015	NA	NA	NA	4.63	31	1
A19	sbec	Sbec_Sfr	A	19	1	1	21	1	26	0	13.08.2015	29.07.2015	NA	NA	NA	5.01	11	1
A20	slep	9P_Slep_2	A	20	1.5	1	3	0	84	1	NA	17.09.2015	0.902870358	0.418854578	NA	4.11	61	1
A21	ssem	SS	A	21	2	1	15	1	67	0	23.09.2015	11.08.2015	1.110572873	0.651642797	NA	3.82	24	1
A22	dry	DL_m_2	A	22	2.5	1	3	0	84	1	NA	NA	1.07623467	0.619600044	0.139496835	5.65	84	0
A23	sxan	8m_Sxan_3	A	23	3	1	3	1	77	0	03.10.2015	16.08.2015	0.606070496	0.554177546	NA	2.56	29	1
A24	sbec	SHOREABECCARINA_Sbec	A	24	3.5	1	0	0	84	1	NA	NA	0.970878914	0.375330064	0.14243361	5.14	84	0
A25	slep	8P_Slep_4	A	25	0	1.5	18	0	84	1	NA	NA	0.936872989	0.528866175	0.250577648	3.31	84	0
A26	slep	SL_m_1	A	26	0.5	1.5	9	0	84	1	NA	NA	0.969265259	0.492985247	0.196104246	3.27	84	0
A27	sjoh	8K_SJoh_8	A	27	1	1.5	3	0	84	1	NA	04.08.2015	0.869474313	0.627837515	0.177458269	2.79	17	1
A28	spar	Spar_1	A	28	1.5	1.5	9	0	84	1	NA	23.09.2015	0.996605431	0.48422524	0.191028607	4.95	67	1
A29	spar	Spar_1	A	29	2	1.5	12	0	84	1	NA	11.08.2015	NA	NA	NA	4.49	24	1
A30	sjoh	SJ_m_5	A	30	2.5	1.5	6	0	84	1	NA	18.09.2015	0.969786293	0.687730287	NA	4.01	62	1
A31	ptom	All_Ptom_4	A	31	3	1.5	15	1	37	0	24.08.2015	09.08.2015	NA	NA	NA	3.67	22	1
A32	sbec	Sbec_Sfr	A	32	3.5	1.5	18	0	84	1	NA	NA	0.957137579	0.521862298	0.175729779	5.65	84	0
A33	sbec	Sbec_Sfr	A	33	0	2	12	1	33	0	20.08.2015	22.08.2015	NA	NA	NA	4.72	35	1
A34	dry	DL_m_3	A	34	0.5	2	21	0	84	1	NA	NA	1.079621509	0.62127856	NA	4.33	84	0
A35	sjoh	SJ_m_1	A	35	1	2	9	0	84	1	NA	24.07.2015	0.934758364	0.6366171	NA	3.81	6	1
A36	ssmi	Ssmi_5	A	36	1.5	2	12	1	56	0	12.09.2015	25.07.2015	NA	NA	NA	6.29	7	1
A37	sbec	SHOREABECCARINA_Sbec	A	37	2	2	9	0	84	1	NA	06.10.2015	0.940709272	0.433136313	NA	6.1	80	1
A38	pmal	Pm_m_4	A	38	2.5	2	15	1	42	0	29.08.2015	07.08.2015	NA	NA	NA	3.8	20	1
A39	slep	Slep_1	A	39	3	2	21	0	84	1	NA	31.07.2015	0.948690942	0.474721637	0.24827877	4.87	13	1
A40	spar	SP_m_5	A	40	3.5	2	15	1	46	0	02.09.2015	25.08.2015	NA	NA	NA	4.12	38	1
A41	pmal	12H_Pmal_1	A	41	0	2.5	6	0	84	1	NA	23.07.2015	0.840144665	0.757323689	NA	2.65	5	1
A42	pmal	9L_Pmal_7	A	42	0.5	2.5	21	1	66	0	22.09.2015	31.07.2015	0.749118388	0.687405542	NA	3.28	13	1
A43	sjoh	ou_SJoh	A	43	1	2.5	0	0	84	1	NA	11.08.2015	0.938050499	0.397827363	NA	2.65	24	1
A44	spar	Sp_m_4	A	44	1.5	2.5	0	0	84	1	NA	25.08.2015	0.99170745	0.387030995	0.204244422	3.91	38	1
A45	dry	DL_Tawau	A	45	2	2.5	6	0	84	1	NA	NA	1.085891601	0.558047166	0.153763557	5.54	84	0
A46	sbec	SHOREABECCARINA_Sbec	A	46	2.5	2.5	12	0	84	1	NA	NA	1.033394962	0.515021955	NA	5.87	84	0
A47	dry	DL_m_6	A	47	3	2.5	18	0	84	1	NA	03.09.2015	1.054097569	0.541941716	0.169139912	2.59	47	1
A48	ptom	Pt_m_4	A	48	3.5	2.5	6	0	84	1	NA	26.07.2015	0.744533528	0.616982507	0.186637145	3.33	8	1
A49	slep	SL_m_72	A	49	0	3	6	0	84	1	NA	24.07.2015	0.966972477	0.54757536	NA	3.41	6	1
A50	pmal	Pmal_1_RDC	A	50	0.5	3	18	1	31	0	18.08.2015	30.07.2015	NA	NA	NA	4.45	12	1
A51	sbec	SHOREABECCARINA_Sbec	A	51	1	3	18	0	84	1	NA	25.08.2015	0.96129326	0.386004857	NA	4.91	38	1
A52	sjoh	8m_SJoh_6	A	52	1.5	3	18	1	31	0	18.08.2015	30.07.2015	NA	NA	NA	2.77	12	1
A53	sjoh	8L_SJoh_50	A	53	2	3	0	0	84	1	NA	01.09.2015	0.883155501	0.348696869	NA	4.27	45	1
A54	spar	Sp_m_1	A	54	2.5	3	21	1	70	0	26.09.2015	22.07.2015	NA	NA	NA	4.4	4	1
A55	ssem	Ssem_ou	A	55	3	3	9	0	84	1	NA	04.08.2015	1.065302782	0.811947627	NA	4.04	17	1
A56	ssmi	Ssmi_4	A	56	3.5	3	3	0	84	1	NA	03.08.2015	0.943878463	0.465951743	0.169139912	7.32	16	1
A57	ptom	Ptom_4	A	57	0	3.5	9	0	84	1	NA	22.09.2015	0.939622977	0.581717944	NA	4.71	66	1
A58	sjoh	8m_SJoh_7	A	58	0.5	3.5	15	1	66	0	22.09.2015	28.07.2015	0.614500235	0.562646645	NA	3.98	10	1
A59	pmal	8L_Pmal_9	A	59	1	3.5	15	1	72	0	28.09.2015	01.08.2015	0.747712418	0.684407096	NA	4.78	14	1
A60	ptom	Ptom_2_RDC	A	60	1.5	3.5	9	1	44	0	31.08.2015	26.08.2015	NA	NA	NA	3.31	39	1
A61	slep	Slep_m_122	A	61	2	3.5	0	0	84	1	NA	NA	0.914551042	0.358832175	0.218245048	4.24	84	0
A62	sbec	Sbec_Sfr	A	62	2.5	3.5	9	1	32	0	19.08.2015	10.08.2015	NA	NA	NA	5.5	23	1
A63	ssem	Ssem_ou	A	63	3	3.5	3	0	84	1	NA	26.08.2015	0.98338094	0.506232147	0.201958104	4.35	39	1
A64	sxan	8L_Sxan_10	A	64	3.5	3.5	12	1	34	0	21.08.2015	09.08.2015	NA	NA	0.175729779	3.53	22	1
A65	sbec	SHOREABECCARINA_Sbec	A	65	0	4	15	0	84	1	NA	16.09.2015	1.065332649	0.666837695	NA	5.01	60	1
A66	dry	DL_Tawau	A	66	0.5	4	6	0	84	1	NA	NA	1.095583556	0.620974927	0.171280924	4.42	84	0
A67	ssmi	Ssmi_5	A	67	1	4	18	0	84	1	NA	14.09.2015	0.919846886	0.513281522	0.175729779	4.66	58	1
A68	ssem	SS	A	68	1.5	4	21	1	79	0	05.10.2015	11.08.2015	NA	NA	NA	4.18	24	1
A69	dry	DL_m_7	A	69	2	4	0	0	84	1	NA	NA	1.069787549	0.461771245	0.145496699	5.26	84	0
A70	dry	DL_m_6	A	70	2.5	4	0	0	84	1	NA	NA	1.05863863	0.451549967	NA	2.74	84	0
A71	pmal	Pmal_Tawau	A	71	3	4	12	1	72	0	28.09.2015	01.09.2015	0.929516156	0.643227859	NA	4.22	45	1
A72	sxan	9K_Sxan_29	A	72	3.5	4	0	0	84	1	NA	NA	1.078908115	0.48053401	0.147078185	2.94	84	0
A73	dry	Dl_m_4	A	73	0	4.5	12	0	84	1	NA	NA	1.059906138	0.534646176	0.182853959	5.78	84	0
A74	sbec	SHOREABECCARINA_Sbec	A	74	0.5	4.5	0	0	84	1	NA	NA	0.955092743	0.35437683	0.161085631	4.9	84	0
A75	ssem	SS	A	75	1	4.5	12	0	84	1	NA	25.08.2015	1.151207116	0.910207539	NA	2.4	38	1
A76	ssmi	Ssmi_19	A	76	1.5	4.5	6	0	84	1	NA	NA	0.986546651	0.528939218	0.2081722	4.42	84	0
A77	ssmi	9H_Ssmi_4	A	77	2	4.5	21	1	26	0	13.08.2015	26.07.2015	NA	NA	NA	5.47	8	1
A78	sjoh	SJ_m_4	A	78	2.5	4.5	12	1	69	0	25.09.2015	04.08.2015	0.741741742	0.691891892	NA	3.79	17	1
A79	ptom	Ptom_2_RDC	A	79	3	4.5	0	0	84	1	NA	NA	1.036860269	0.506057713	0.185358808	4.25	84	0
A80	sjoh	8m_SJoh_7	A	80	3.5	4.5	9	0	84	1	NA	07.08.2015	0.911789797	0.5052892	0.175729779	5.64	20	1
A81	ssmi	Ssmi_3A	A	81	0	5	9	0	84	1	NA	22.08.2015	1.070541328	0.583499463	0.187933236	3.35	35	1
A82	sjoh	8m_SJoh_7	A	82	0.5	5	12	1	30	0	17.08.2015	28.07.2015	NA	NA	NA	3.08	10	1
A83	slep	8Q_Slep_4	A	83	1	5	12	0	84	1	NA	NA	0.880310881	0.428941525	0.193302757	4.22	84	0
A84	slep	SL_m_6	A	84	1.5	5	3	0	84	1	NA	NA	0.904273372	0.485266893	0.198988132	4.53	84	0
A85	dry	DL_m_7	A	85	2	5	18	0	84	1	NA	NA	1.066758116	0.653063557	0.169139912	4.36	84	0
A86	ptom	Pt_m_1	A	86	2.5	5	21	1	49	0	05.09.2015	26.07.2015	NA	NA	NA	4.39	8	1
A87	ssem	Ssem_ou	A	87	3	5	9	0	84	1	NA	26.08.2015	1.115359856	0.444959444	0.145496699	4.3	39	1
A88	sxan	Sxan_3_RDC	A	88	3.5	5	15	1	31	0	18.08.2015	16.08.2015	NA	NA	NA	1.95	29	1
A89	ptom	Ptom_m_3	A	89	0	5.5	3	0	84	1	NA	01.09.2015	1.037264358	0.787921964	0.173476833	4.3	45	1
A90	ptom	Ptom_3	A	90	0.5	5.5	3	1	30	0	17.08.2015	24.07.2015	NA	NA	NA	3.49	6	1
A91	sxan	8m_Sxan_3	A	91	1	5.5	15	1	34	0	21.08.2015	09.08.2015	NA	NA	NA	4.34	22	1
A92	sxan	8n_Sxan	A	92	1.5	5.5	21	1	27	0	14.08.2015	03.08.2015	NA	NA	NA	2.85	16	1
A93	ssem	SS	A	93	2	5.5	15	1	70	0	26.09.2015	16.08.2015	NA	NA	NA	3.28	29	1
A94	spar	9Q_Spar_10	A	94	2.5	5.5	18	1	54	0	10.09.2015	19.08.2015	NA	NA	NA	4.34	32	1
A95	pmal	Pmal_m_2	A	95	3	5.5	12	0	84	1	NA	28.09.2015	0.988753936	0.708052182	NA	3.21	72	1
A96	ptom	9J_Ptom_14	A	96	3.5	5.5	18	0	84	1	NA	29.07.2015	0.737028946	0.675314036	NA	3.14	11	1
A97	sxan	Sxan_3_RDC	A	97	0	6	0	0	84	1	NA	NA	1.08254717	0.53628447	0.126459748	2.71	84	0
A98	sbec	Sbec_Sfr	A	98	0.5	6	21	1	26	0	13.08.2015	04.08.2015	NA	NA	NA	4.65	17	1
A99	spar	Sp_m_4	A	99	1	6	6	0	84	1	NA	25.08.2015	0.954106618	0.501888904	0.193302757	3.68	38	1
A100	sxan	8L_Sxan_10	A	100	1.5	6	12	1	42	0	29.08.2015	31.07.2015	NA	NA	NA	3.26	13	1
A101	ssem	SS	A	101	2	6	0	0	84	1	NA	01.09.2015	1.0513992	0.464306111	0.200462118	2.7	45	1
A102	pmal	8L_Pmal_9	A	102	2.5	6	6	1	44	0	31.08.2015	06.08.2015	NA	NA	NA	3.41	19	1
A103	dry	DL_m_7	A	103	3	6	15	0	84	1	NA	NA	1.098804008	0.689042129	0.163026422	4.74	84	0
A104	sbec	SHOREABECCARINA_Sbec	A	104	3.5	6	3	0	84	1	NA	NA	0.983827188	0.48642841	0.167051765	5.65	84	0
A105	ssem	SS	A	105	0	6.5	6	0	84	1	NA	13.08.2015	1.109030837	0.897852423	NA	3.23	26	1
A106	sbec	SHOREABECCARINA_Sbec	A	106	0.5	6.5	6	0	84	1	NA	NA	1.03	0.579021739	0.182853959	4.9	84	0
A107	pmal	12H_Pmal_1	A	107	1	6.5	9	0	84	1	NA	NA	1.06879308	0.788349777	0.169139912	4.03	84	0
A108	sbec	Sbec_Sfr	A	108	1.5	6.5	15	1	82	0	08.10.2015	29.08.2015	0.885802837	0.504708547	NA	4.63	42	1
A109	ptom	Pt_m_1	A	109	2	6.5	15	1	43	0	30.08.2015	31.07.2015	NA	NA	NA	4.17	13	1
A110	dry	DL_m_3	A	110	2.5	6.5	9	0	84	1	NA	NA	1.106748303	0.642885665	0.130107625	5.06	84	0
A111	spar	SP_m_7	A	111	3	6.5	12	0	84	1	NA	12.09.2015	0.972171066	0.553100061	NA	3.19	56	1
A112	spar	Sp_m_3	A	112	3.5	6.5	3	0	84	1	NA	02.09.2015	1.017121047	0.553653217	0.205018076	3.91	46	1
A113	slep	SL_maliau	A	113	0	7	15	0	84	1	NA	18.09.2015	0.950244129	0.554057196	0.26021525	3.3	62	1
A114	slep	8P_Slep_4	A	114	0.5	7	12	0	84	1	NA	08.08.2015	0.881588396	0.457130547	NA	6.58	21	1
A115	ssmi	Ssmi_4	A	115	1	7	0	0	84	1	NA	25.08.2015	1.022016114	0.428798951	0.153763557	6.46	38	1
A116	ptom	8L_Ptom_6	A	116	1.5	7	12	1	31	0	18.08.2015	22.07.2015	NA	NA	NA	4.03	4	1
A117	sjoh	SJoh_m	A	117	2	7	6	0	84	1	NA	NA	0.926621661	0.649104784	NA	3.86	84	0
A118	ssmi	Ssmi_Tawau	A	118	2.5	7	15	0	84	1	NA	22.08.2015	0.904042149	0.46683365	0.182853959	5.81	35	1
A119	ptom	8Pt_m_6	A	119	3	7	18	1	42	0	29.08.2015	27.07.2015	NA	NA	NA	4.34	9	1
A120	dry	DL_Tawau	A	120	3.5	7	3	0	84	1	NA	NA	1.069422572	0.481627297	0.167051765	4.4	84	0
A121	ptom	Pt_m_2	A	121	0	7.5	0	0	84	1	NA	NA	1.041839791	0.770219345	0.171280924	4.56	84	0
A122	sxan	Sxan_3_RDC	A	122	0.5	7.5	9	1	35	0	22.08.2015	12.08.2015	NA	NA	NA	2.45	25	1
A123	pmal	12H_Pmal_1	A	123	1	7.5	3	0	84	1	NA	25.09.2015	1.170964126	0.795964126	NA	2.99	69	1
A124	ssmi	Ssmi_Tawau	A	124	1.5	7.5	3	0	84	1	NA	01.09.2015	0.957660592	0.520268866	0.233296431	5.11	45	1
A125	sbec	SHOREABECCARINA_Sbec	A	125	2	7.5	6	0	84	1	NA	22.08.2015	1.014293568	0.445116364	0.185358808	5.48	35	1
A126	sjoh	8m_SJoh_7	A	126	2.5	7.5	21	1	30	0	17.08.2015	29.07.2015	NA	NA	NA	3.08	11	1
A127	sjoh	ou_SJoh_23A	A	127	3	7.5	15	1	43	0	30.08.2015	28.07.2015	NA	NA	NA	4.07	10	1
A128	ssmi	Ssmi_5	A	128	3.5	7.5	12	1	66	0	22.09.2015	01.09.2015	0.611332448	0.428655747	0.2081722	4.9	45	1
A129	ssmi	Ssmi_Tawau	A	129	0	8	6	0	84	1	NA	NA	1.013034943	0.547389085	NA	4.8	84	0
A130	sjoh	S.Joh_m_7	A	130	0.5	8	3	0	84	1	NA	23.07.2015	0.806163985	0.584997092	0.190580183	4.62	5	1
A131	ssmi	Ssmi_Tawau	A	131	1	8	0	0	84	1	NA	NA	1.013364838	0.384774422	0.163026422	3.98	84	0
A132	spar	9Q_Spar_10	A	132	1.5	8	18	1	36	0	23.08.2015	08.08.2015	NA	NA	NA	3.77	21	1
A133	sxan	9K_Sxan_2	A	133	2	8	21	1	31	0	18.08.2015	19.08.2015	NA	NA	NA	2.94	32	1
A134	dry	DL_m_1	A	134	2.5	8	21	0	84	1	NA	NA	1.084730265	0.58955603	0.165014549	5.65	84	0
A135	ptom	8Pt_m_6	A	135	3	8	12	1	31	0	18.08.2015	25.08.2015	NA	NA	NA	3.38	38	1
A136	pmal	Pm_m_6	A	136	3.5	8	18	1	32	0	19.08.2015	11.08.2015	1.056380023	0.617808498	NA	3.71	24	1
A137	ssem	SS	A	137	0	8.5	12	1	67	0	23.09.2015	07.08.2015	0.595457159	NA	NA	3.66	20	1
A138	spar	9P_Spar_2	A	138	0.5	8.5	21	1	26	0	13.08.2015	27.07.2015	NA	NA	NA	3.23	9	1
A139	ssem	Ssem_ou	A	139	1	8.5	21	1	44	0	31.08.2015	07.08.2015	NA	NA	NA	4.34	20	1
A140	slep	12H_Slep_8	A	140	1.5	8.5	21	0	84	1	NA	17.09.2015	NA	NA	NA	4.35	61	1
A141	sxan	11H_Sxan_1	A	141	2	8.5	9	0	84	1	NA	10.08.2015	0.968219802	0.605469739	NA	4.53	23	1
A142	ssem	SS	A	142	2.5	8.5	18	1	55	0	11.09.2015	10.08.2015	NA	NA	NA	3.02	23	1
A143	ptom	9J_Ptom_14	A	143	3	8.5	21	1	26	0	13.08.2015	29.07.2015	NA	NA	NA	2.62	11	1
A144	pmal	All_Pmal_1	A	144	3.5	8.5	0	0	84	1	NA	NA	1.097768936	0.574534603	0.172738634	4.8	84	0
A145	ssmi	9H_Ssmi_4	A	145	0	9	18	0	84	1	NA	10.08.2015	1.001927068	0.521642455	0.187933236	6.25	23	1
A146	sxan	Sxan_1	A	146	0.5	9	6	1	51	0	07.09.2015	10.08.2015	NA	NA	NA	4.35	23	1
A147	spar	Sp_m_4	A	147	1	9	3	0	84	1	NA	NA	1.02298241	0.517811367	0.171280924	3.25	84	0
A148	dry	DL_Tawau	A	148	1.5	9	9	0	84	1	NA	NA	1.11271165	0.58895628	0.155530954	5.39	84	0
A149	sxan	9K_Sxan_2	A	149	2	9	3	0	84	1	NA	NA	1.061177739	NA	0.147078185	4.17	84	0
A150	pmal	Pm_m_5	A	150	2.5	9	21	1	42	0	29.08.2015	24.07.2015	NA	NA	NA	3.88	6	1
A151	ssmi	Ssmi_Tawau	A	151	3	9	9	0	84	1	NA	28.07.2015	0.948402002	0.495379284	0.237389351	5.83	10	1
A152	spar	9P_Spar_2	A	152	3.5	9	9	1	44	0	31.08.2015	19.08.2015	NA	NA	NA	2.79	32	1
A153	sjoh	SJoh_m	A	153	0	9.5	21	1	35	0	22.08.2015	07.08.2015	NA	NA	NA	4.12	20	1
A154	ssmi	Ssmi_m_2	A	154	0.5	9.5	21	1	31	0	18.08.2015	07.08.2015	NA	NA	0.159190506	3.89	20	1
A155	sxan	8m_Sxan_3	A	155	1	9.5	6	1	45	0	01.09.2015	17.08.2015	NA	NA	NA	4.29	30	1
A156	pmal	All_Pmal_1	A	156	1.5	9.5	9	0	84	1	NA	NA	1.011465472	0.796520822	0.165014549	3.97	84	0
A157	sbec	Sbec_Sfr	A	157	2	9.5	3	0	84	1	NA	25.07.2015	1.085106383	0.549328969	0.165014549	3.57	7	1
A158	slep	SL_maliau	A	158	2.5	9.5	15	0	84	1	NA	NA	0.921892542	0.475380914	0.241628446	4.24	84	0
A159	pmal	Pm_m_4	A	159	3	9.5	3	0	84	1	NA	25.08.2015	1.033613445	0.754533392	NA	3.8	38	1
A160	spar	Sp_m_1	A	160	3.5	9.5	6	0	84	1	NA	01.09.2015	0.963375496	0.461110062	0.196104246	5.06	45	1
B1	ssmi	Ssmi_19	B	1	4.5	0	12	0	84	1	NA	11.08.2015	0.937205189	0.451061321	NA	6.9	24	1
B2	spar	Spar_1	B	2	5	0	15	1	45	0	01.09.2015	16.08.2015	NA	NA	NA	4.04	29	1
B3	pmal	Pm_m_6	B	3	5.5	0	6	0	84	1	NA	NA	0.993765874	0.525975525	0.143948862	4.48	84	0
B4	sbec	Sbec_Sfr	B	4	6	0	3	0	84	1	NA	16.08.2015	1.029742389	0.532864949	NA	4.37	29	1
B5	spar	Sp_m_1	B	5	6.5	0	3	0	84	1	NA	NA	0.927146395	0.395982389	0.193302757	4.92	84	0
B6	ptom	Pt_m_1	B	6	7	0	9	0	84	1	NA	29.08.2015	1.052829099	0.464491917	0.180415906	3.68	42	1
B7	pmal	9L_Pmal_7	B	7	7.5	0	0	0	84	1	NA	NA	0.970564951	0.320331054	0.161085631	3.57	84	0
B8	ssmi	Ssmi_4	B	8	8	0	3	0	84	1	NA	NA	0.975536481	0.474310239	0.218245048	4.23	84	0
B9	sjoh	8L_SJoh_50	B	9	4.5	0.5	3	0	84	1	NA	29.08.2015	0.958357138	0.449819082	0.182853959	4.46	42	1
B10	spar	9P_Spar_2	B	10	5	0.5	3	0	84	1	NA	NA	1.033140452	0.468174645	NA	3.07	84	0
B11	sbec	SHOREABECCARINA_Sbec	B	11	5.5	0.5	0	0	84	1	NA	NA	0.981724912	0.329977557	0.165014549	5.08	84	0
B12	sxan	8L_Sxan_10	B	12	6	0.5	3	0	84	1	NA	16.09.2015	1.033811368	0.575630692	0.159190506	3.64	60	1
B13	sjoh	SJoh_m	B	13	6.5	0.5	0	0	84	1	NA	NA	0.92992126	0.400944882	0.196104246	3.27	84	0
B14	pmal	Pm_m_3	B	14	7	0.5	0	0	84	1	NA	12.09.2015	1.051098978	0.517709646	0.185358808	3.5	56	1
B15	sxan	ou_sxan_2	B	15	7.5	0.5	21	1	30	0	17.08.2015	17.08.2015	NA	NA	NA	3.17	30	1
B16	ptom	9J_Ptom_14	B	16	8	0.5	12	0	84	1	NA	NA	1.162270989	0.75941212	0.143948862	3.33	84	0
B17	ptom	Ptom_m_3	B	17	4.5	1	21	0	84	1	NA	17.08.2015	0.990123029	0.6071738	NA	4.25	30	1
B18	ptom	Ptom_m_3	B	18	5	1	15	1	37	0	24.08.2015	19.08.2015	NA	NA	NA	3.94	32	1
B19	sjoh	ou_SJoh_23A	B	19	5.5	1	18	1	70	0	26.09.2015	23.07.2015	NA	NA	NA	4.04	5	1
B20	spar	Sp_m_1	B	20	6	1	12	0	84	1	NA	NA	0.954047517	0.445582586	0.188807344	3.99	84	0
B21	ssmi	Ssmi_Tawau	B	21	6.5	1	0	0	84	1	NA	28.08.2015	0.951331147	0.461820124	0.190580183	3.93	41	1
B22	ssem	Ssem_ou	B	22	7	1	6	0	84	1	NA	NA	1.088431512	0.674378992	0.173476833	3.18	84	0
B23	ssmi	Ssmi_3A	B	23	7.5	1	15	0	84	1	NA	31.08.2015	0.990079624	0.464821825	NA	4.39	44	1
B24	sxan	8m_Sxan_3	B	24	8	1	9	1	41	0	28.08.2015	31.08.2015	NA	NA	NA	3.87	44	1
B25	pmal	12H_Pmal_1	B	25	4.5	1.5	9	0	84	1	NA	NA	1.072847682	0.609672888	0.21142489	3.62	84	0
B26	sxan	8m_Sxan_3	B	26	5	1.5	6	1	35	0	22.08.2015	15.08.2015	NA	NA	NA	3.44	28	1
B27	dry	DL_m_3	B	27	5.5	1.5	0	0	84	1	NA	NA	1.100479197	0.508404959	0.177458269	4.24	84	0
B28	sxan	Sxan_1	B	28	6	1.5	18	1	39	0	26.08.2015	22.08.2015	NA	NA	NA	3.61	35	1
B29	ssem	SS	B	29	6.5	1.5	12	0	84	1	NA	10.08.2015	1.071140732	0.490855549	NA	3.4	23	1
B30	pmal	Pm_m_3	B	30	7	1.5	9	0	84	1	NA	15.09.2015	1.055264078	0.510318293	0.212254008	3.17	59	1
B31	ssem	SS	B	31	7.5	1.5	0	0	84	1	NA	NA	1.075563871	0.535703149	0.153763557	3.3	84	0
B32	sbec	Sbec_Sfr	B	32	8	1.5	21	1	26	0	13.08.2015	26.07.2015	NA	NA	NA	3.84	8	1
B33	pmal	9L_Pmal_7	B	33	4.5	2	15	1	40	0	27.08.2015	31.07.2015	NA	NA	NA	4.74	13	1
B34	slep	8Q_Slep_4	B	34	5	2	18	0	84	1	NA	23.09.2015	0.9585201	0.470366418	0.187933236	4.76	67	1
B35	sxan	11H_Sxan_7	B	35	5.5	2	12	1	40	0	27.08.2015	17.08.2015	NA	NA	NA	5.36	30	1
B36	sbec	SHOREABECCARINA_Sbec	B	36	6	2	9	0	84	1	NA	17.09.2015	1.063506982	0.536654135	0.159190506	5.05	61	1
B37	dry	DL_m_7	B	37	6.5	2	6	0	84	1	NA	NA	1.095631166	0.583048118	0.138781467	5.12	84	0
B38	sbec	SHOREABECCARINA_Sbec	B	38	7	2	3	0	84	1	NA	26.08.2015	0.993326157	0.719483315	0.218245048	3.82	39	1
B39	sbec	SHOREABECCARINA_Sbec	B	39	7.5	2	15	0	84	1	NA	17.08.2015	0.74649194	0.434303607	0.169139912	5.88	30	1
B40	dry	DL_m_3	B	40	8	2	3	0	84	1	NA	NA	1.097673795	0.606891466	0.13531193	4.75	84	0
B41	ssmi	Ssmi_m_2	B	41	4.5	2.5	21	1	41	0	28.08.2015	26.08.2015	NA	NA	NA	4.27	39	1
B42	slep	8Q_Slep_4	B	42	5	2.5	18	0	84	1	NA	13.09.2015	0.937904611	0.408508389	0.193302757	5.11	57	1
B43	sbec	SHOREABECCARINA_Sbec	B	43	5.5	2.5	18	0	84	1	NA	21.08.2015	1.075010304	0.588405001	0.169139912	4.6	34	1
B44	ptom	Ptom_3_rdc	B	44	6	2.5	0	0	84	1	NA	NA	1.064218028	0.584775628	NA	4.31	84	0
B45	ssmi	Ssmi_5	B	45	6.5	2.5	9	0	84	1	NA	12.08.2015	1.021402277	0.492680421	0.201958104	5.76	25	1
B46	pmal	Pmal_Tawau	B	46	7	2.5	21	1	32	0	19.08.2015	30.07.2015	NA	NA	NA	4.79	12	1
B47	spar	9P_Spar_2	B	47	7.5	2.5	12	1	30	0	17.08.2015	10.08.2015	NA	NA	NA	2.85	23	1
B48	spar	SP_m_7	B	48	8	2.5	9	0	84	1	NA	29.08.2015	0.979941816	0.460113306	0.198988132	3.31	42	1
B49	pmal	12H_Pmal_1	B	49	4.5	3	12	0	84	1	NA	07.08.2015	0.991672005	0.517296605	NA	3.92	20	1
B50	sjoh	8m_SJoh_6	B	50	5	3	12	1	31	0	18.08.2015	30.07.2015	NA	NA	NA	2.61	12	1
B51	spar	Sp_m_3	B	51	5.5	3	18	0	84	1	NA	16.08.2015	0.883504783	0.436022379	NA	5.39	29	1
B52	ssem	SS	B	52	6	3	18	1	60	0	16.09.2015	07.08.2015	NA	NA	NA	3.89	20	1
B53	dry	DL_m_6	B	53	6.5	3	9	0	84	1	NA	NA	1.09685604	0.575179261	0.152035876	3.14	84	0
B54	dry	DL_Tawau	B	54	7	3	3	0	84	1	NA	07.09.2015	1.041762673	0.384086982	NA	4.53	51	1
B55	slep	SL_m_1	B	55	7.5	3	9	0	84	1	NA	29.08.2015	1.060456072	0.550114902	NA	2.85	42	1
B56	ssmi	Ssmi_4	B	56	8	3	0	0	84	1	NA	NA	0.965472191	0.36095558	0.155530954	5.03	84	0
B57	sjoh	8L_SJoh_50	B	57	4.5	3.5	9	1	42	0	29.08.2015	04.08.2015	NA	NA	NA	4.39	17	1
B58	ptom	9J_Ptom_14	B	58	5	3.5	18	1	22	0	09.08.2015	25.08.2015	NA	NA	NA	2.91	38	1
B59	ssmi	Ssmi_3A	B	59	5.5	3.5	18	1	25	0	12.08.2015	28.08.2015	NA	NA	NA	3.25	41	1
B60	sjoh	8K_SJoh_8	B	60	6	3.5	0	0	84	1	NA	NA	1.000202778	0.385379702	0.173476833	3.71	84	0
B61	ssmi	9H_Ssmi_4	B	61	6.5	3.5	9	0	84	1	NA	26.08.2015	0.900384948	0.37701312	0.185358808	5.14	39	1
B62	sxan	11H_Sxan_1	B	62	7	3.5	3	0	84	1	NA	NA	NA	NA	0.178433314	5.42	84	0
B63	slep	8P_Slep_4	B	63	7.5	3.5	15	0	84	1	NA	NA	0.964648296	0.467548949	0.229342254	4.23	84	0
B64	ptom	Pt_m_5	B	64	8	3.5	3	0	84	1	NA	NA	1.021653232	0.596333175	0.167051765	4.43	84	0
B65	dry	DL_m_2	B	65	4.5	4	6	0	84	1	NA	NA	1.105392157	0.600011956	NA	5.34	84	0
B66	ssmi	Ssmi_19	B	66	5	4	12	0	84	1	NA	14.08.2015	0.954874268	0.460558043	0.119745071	5.59	27	1
B67	pmal	Pm_m_4	B	67	5.5	4	21	0	84	1	NA	10.08.2015	0.972527473	0.555967289	NA	4.51	23	1
B68	sjoh	ou_SJoh	B	68	6	4	6	0	84	1	NA	07.08.2015	1.009701351	0.525109378	0.173476833	4.66	20	1
B69	slep	SL_m_72	B	69	6.5	4	15	0	84	1	NA	30.07.2015	0.962507759	0.422532588	0.21142489	4.36	12	1
B70	ssem	SS	B	70	7	4	0	0	84	1	NA	NA	1.101842546	0.534338358	0.198988132	3.42	84	0
B71	spar	9Q_Spar_10	B	71	7.5	4	21	1	26	0	13.08.2015	03.08.2015	NA	NA	NA	5.14	16	1
B72	ssmi	Ssmi_Tawau	B	72	8	4	6	1	47	0	03.09.2015	28.08.2015	NA	NA	NA	4.16	41	1
B73	spar	Spar_1	B	73	4.5	4.5	6	0	84	1	NA	24.09.2015	0.979326841	0.818896292	0.182853959	3.22	68	1
B74	pmal	Pmal_m_1	B	74	5	4.5	12	0	84	1	NA	10.08.2015	0.778493832	0.656600994	NA	3.97	23	1
B75	slep	Slep_1	B	75	5.5	4.5	6	0	84	1	NA	31.08.2015	0.905127231	0.364071401	0.178042013	4.49	44	1
B76	ptom	Ptom_3_rdc	B	76	6	4.5	6	0	84	1	NA	25.08.2015	1.036050895	0.565622055	NA	4.84	38	1
B77	sjoh	SJ_m_5	B	77	6.5	4.5	6	0	84	1	NA	04.09.2015	1.050506362	0.471695663	0.241628446	3.13	48	1
B78	sjoh	8K_SJoh_8	B	78	7	4.5	9	0	84	1	NA	07.08.2015	0.97832272	0.452784176	0.198988132	3.3	20	1
B79	sjoh	8m_SJoh_7	B	79	7.5	4.5	18	1	41	0	28.08.2015	17.08.2015	NA	NA	NA	4.1	30	1
B80	sjoh	S.Joh_m_7	B	80	8	4.5	15	1	72	0	28.09.2015	01.08.2015	0.60797132	0.558414171	NA	3.57	14	1
B81	ssem	SS	B	81	4.5	5	9	0	84	1	NA	NA	1.0824651	0.596595165	0.16401446	4.04	84	0
B82	ptom	Pt_m_4	B	82	5	5	3	1	33	0	20.08.2015	07.08.2015	NA	NA	NA	4.16	20	1
B83	sjoh	8m_SJoh_9	B	83	5.5	5	15	1	32	0	19.08.2015	24.07.2015	NA	NA	NA	4.11	6	1
B84	ssem	SS	B	84	6	5	9	0	84	1	NA	09.09.2015	1.079068061	0.564483581	0.159190506	3.42	53	1
B85	sbec	SHOREABECCARINA_Sbec	B	85	6.5	5	12	1	44	0	31.08.2015	07.08.2015	NA	NA	NA	3.21	20	1
B86	ssmi	Ssmi_Tawau	B	86	7	5	18	0	84	1	NA	01.08.2015	0.780190263	0.524566312	NA	5.02	14	1
B87	dry	DL_m_1	B	87	7.5	5	18	0	84	1	NA	13.09.2015	0.895764201	0.520105407	NA	7.17	57	1
B88	slep	SL_maliau	B	88	8	5	12	1	14	0	01.08.2015	31.07.2015	NA	NA	NA	4.3	13	1
B89	pmal	12H_Pmal_1	B	89	4.5	5.5	3	0	84	1	NA	NA	1.081029094	0.574577222	0.193302757	4.05	84	0
B90	sjoh	SJ_m_4	B	90	5	5.5	3	0	84	1	NA	NA	0.946943483	0.470753007	NA	3.46	84	0
B91	sbec	Sbec_Sfr	B	91	5.5	5.5	18	1	14	0	01.08.2015	26.08.2015	NA	NA	NA	4.73	39	1
B92	ssem	Ssem_ou	B	92	6	5.5	18	1	81	0	07.10.2015	NA	1.074423771	0.657872813	NA	2.97	84	0
B93	sxan	9K_Sxan_29	B	93	6.5	5.5	9	1	40	0	27.08.2015	16.08.2015	NA	NA	NA	2.97	29	1
B94	dry	DL_m_6	B	94	7	5.5	0	0	84	1	NA	NA	1.077405646	0.442072245	0.139496835	3.16	84	0
B95	sxan	Sxan_3_RDC	B	95	7.5	5.5	0	0	84	1	NA	NA	1.083200679	0.62517245	0.128868505	2.81	84	0
B96	pmal	8L_Pmal_9	B	96	8	5.5	6	0	84	1	NA	16.09.2015	1.088857546	0.566731312	0.167051765	4.2	60	1
B97	ssmi	Ssmi_19	B	97	4.5	6	6	0	84	1	NA	12.08.2015	1.003199431	0.416992535	0.185358808	4.92	25	1
B98	pmal	8_m_Pmal_8	B	98	5	6	18	1	32	0	19.08.2015	01.08.2015	NA	NA	NA	4.17	14	1
B99	ptom	Ptom_2_RDC	B	99	5.5	6	21	1	41	0	28.08.2015	25.07.2015	NA	NA	NA	3.6	7	1
B100	sbec	SHOREABECCARINA_Sbec	B	100	6	6	6	0	84	1	NA	07.08.2015	1.005049186	0.481152607	0.171280924	4.84	20	1
B101	slep	SL_m_114	B	101	6.5	6	21	1	48	0	04.09.2015	23.07.2015	NA	NA	NA	3.64	5	1
B102	ssem	SS	B	102	7	6	21	1	14	0	01.08.2015	08.08.2015	NA	NA	NA	2.62	21	1
B103	slep	8Pslep_2	B	103	7.5	6	21	0	84	1	NA	NA	0.986160218	0.45701586	NA	4.08	84	0
B104	ssem	Ssem_ou	B	104	8	6	6	0	84	1	NA	NA	1.104533594	0.592221135	0.153763557	3.97	84	0
B105	dry	DL_Tawau	B	105	4.5	6.5	15	0	84	1	NA	NA	1.064885076	0.469372044	0.145496699	3.97	84	0
B106	dry	Dl_m_4	B	106	5	6.5	18	0	84	1	NA	NA	1.110578642	0.561047135	0.136678717	5.14	84	0
B107	spar	SP_m_5	B	107	5.5	6.5	15	1	14	0	01.08.2015	07.08.2015	NA	NA	NA	3.28	20	1
B108	sxan	8L_Sxan_10	B	108	6	6.5	0	0	84	1	NA	NA	1.049083297	0.447668543	0.153763557	3.36	84	0
B109	sjoh	8m_SJoh_7	B	109	6.5	6.5	12	0	84	1	NA	28.07.2015	0.761033017	0.643347499	NA	4.09	10	1
B110	sxan	11H_Sxan_1	B	110	7	6.5	6	0	84	1	NA	07.08.2015	0.823908918	0.723339658	NA	2.97	20	1
B111	sxan	9K_Sxan_2	B	111	7.5	6.5	18	1	61	0	17.09.2015	28.08.2015	NA	NA	NA	2.98	41	1
B112	sxan	8m_Sxan_3	B	112	8	6.5	15	1	33	0	20.08.2015	11.08.2015	NA	NA	NA	3.94	24	1
B113	slep	12I_Slep_3	B	113	4.5	7	12	0	84	1	NA	NA	0.855564507	0.335826908	0.238785759	5.23	84	0
B114	sbec	Sbec_Sfr	B	114	5	7	15	1	32	0	19.08.2015	07.08.2015	NA	NA	NA	3.93	20	1
B115	slep	SL_m_6	B	115	5.5	7	0	0	84	1	NA	NA	0.943324618	0.355401872	0.218245048	3.96	84	0
B116	sjoh	S.Joh_m_7	B	116	6	7	21	0	84	1	NA	29.07.2015	0.67311828	0.600430108	NA	2.74	11	1
B117	ptom	8L_Ptom_6	B	117	6.5	7	6	0	84	1	NA	23.07.2015	1.00247669	0.476689977	NA	4.04	5	1
B118	pmal	Pmal_1_RDC	B	118	7	7	15	1	58	0	14.09.2015	14.08.2015	NA	NA	NA	4.65	27	1
B119	ssmi	Ssmi_5	B	119	7.5	7	21	0	84	1	NA	NA	1.017006304	0.498167424	0.173476833	4.14	84	0
B120	ssem	SS	B	120	8	7	12	0	84	1	NA	NA	1.117767328	0.704559395	0.152035876	3.14	84	0
B121	sxan	Sxan_1	B	121	4.5	7.5	12	1	31	0	18.08.2015	07.08.2015	NA	NA	NA	4.11	20	1
B122	dry	DL_m_7	B	122	5	7.5	21	0	84	1	NA	NA	1.043946741	0.58685446	0.183473803	5.27	84	0
B123	ssem	SS	B	123	5.5	7.5	3	0	84	1	NA	NA	1.106608627	0.600554017	0.150346589	3.59	84	0
B124	spar	SP_m_7	B	124	6	7.5	21	1	33	0	20.08.2015	22.07.2015	NA	NA	NA	2.93	4	1
B125	slep	Slep_m_122	B	125	6.5	7.5	3	0	84	1	NA	10.08.2015	0.922035046	0.744349446	0.233296431	3.56	23	1
B126	sbec	SHOREABECCARINA_Sbec	B	126	7	7.5	0	0	84	1	NA	NA	1.004671706	0.356663552	0.159190506	4.17	84	0
B127	ssem	SS	B	127	7.5	7.5	15	0	84	1	NA	25.08.2015	1.136096332	0.74124895	NA	2.9	38	1
B128	spar	Sp_m_4	B	128	8	7.5	6	0	84	1	NA	28.09.2015	0.979706275	0.502803738	0.159190506	3.26	72	1
B129	ssmi	Ssmi_Tawau	B	129	4.5	8	15	1	31	0	18.08.2015	16.08.2015	NA	NA	NA	4.53	29	1
B130	dry	DL_m_3	B	130	5	8	15	0	84	1	NA	NA	1.102850229	0.577574617	0.124139385	4.44	84	0
B131	spar	Sp_m_1	B	131	5.5	8	0	0	84	1	NA	NA	0.982350445	0.393635978	0.187933236	4.19	84	0
B132	ptom	Ptom_3	B	132	6	8	9	1	48	0	04.09.2015	01.08.2015	NA	NA	NA	4.24	14	1
B133	spar	SP_m_5	B	133	6.5	8	9	0	84	1	NA	NA	1.01393826	0.486810103	0.15612915	4.34	84	0
B134	sbec	Sbec_Sfr	B	134	7	8	21	1	54	0	10.09.2015	04.08.2015	NA	NA	NA	5.36	17	1
B135	dry	DL_m_1	B	135	7.5	8	12	0	84	1	NA	NA	1.090618861	0.49975442	0.159190506	6.57	84	0
B136	ptom	Pt_m_4	B	136	8	8	15	0	84	1	NA	10.08.2015	0.738828579	0.667129513	NA	3.99	23	1
B137	dry	DL_m_7	B	137	4.5	8.5	9	0	84	1	NA	24.09.2015	1.087040072	0.521392641	0.143948862	5.22	68	1
B138	pmal	Pm_m_5	B	138	5	8.5	18	1	69	0	25.09.2015	24.07.2015	0.706686552	0.592841163	NA	4	6	1
B139	sxan	9K_Sxan_29	B	139	5.5	8.5	21	1	35	0	22.08.2015	27.07.2015	NA	NA	NA	3.33	9	1
B140	pmal	Pmal_1_RDC	B	140	6	8.5	3	0	84	1	NA	03.09.2015	0.686629237	0.571012685	NA	3.17	47	1
B141	slep	12H_Slep_8	B	141	6.5	8.5	9	0	84	1	NA	16.09.2015	0.911409487	0.363943054	0.185358808	4.05	60	1
B142	spar	9Q_Spar_10	B	142	7	8.5	18	0	84	1	NA	02.09.2015	1.04068941	0.511016347	NA	3.99	46	1
B143	ptom	9I_Ptom_5	B	143	7.5	8.5	18	1	69	0	25.09.2015	04.08.2015	0.702822709	0.633999366	NA	3.91	17	1
B144	sbec	SHOREABECCARINA_Sbec	B	144	8	8.5	12	0	84	1	NA	04.09.2015	0.885628989	0.409614989	0.221822836	4.99	48	1
B145	ptom	Pt_m_1	B	145	4.5	9	12	1	54	0	10.09.2015	07.08.2015	NA	NA	NA	3.99	20	1
B146	ptom	Ptom_3	B	146	5	9	0	0	84	1	NA	NA	1.047889539	0.796731626	0.182853959	3.25	84	0
B147	ssem	SS	B	147	5.5	9	15	1	83	0	09.10.2015	10.08.2015	1.052194085	0.692248212	NA	3.94	23	1
B148	dry	DL_Tawau	B	148	6	9	12	0	84	1	NA	NA	1.099141579	0.5332487	0.148694428	5.95	84	0
B149	slep	12H_Slep_8	B	149	6.5	9	0	0	84	1	NA	NA	0.881965485	0.290936635	0.240554542	4.69	84	0
B150	ssem	Ssem_ou	B	150	7	9	3	0	84	1	NA	NA	1.100718028	0.693576557	NA	2.94	84	0
B151	sjoh	SJ_m_10	B	151	7.5	9	21	0	84	1	NA	01.09.2015	1.030282175	0.579662767	NA	3.34	45	1
B152	dry	DL_Tawau	B	152	8	9	21	0	84	1	NA	NA	1.13599175	0.604537642	0.180415906	4.95	84	0
B153	spar	SP_m_5	B	153	4.5	9.5	0	0	84	1	NA	NA	0.897617379	0.387035739	0.163026422	3.6	84	0
B154	slep	Slep_1	B	154	5	9.5	3	0	84	1	NA	07.08.2015	0.91312187	0.40427379	NA	5.32	20	1
B155	sbec	SHOREABECCARINA_Sbec	B	155	5.5	9.5	6	0	84	1	NA	NA	1.003223156	0.464956077	0.150346589	5.79	84	0
B156	ssmi	Ssmi_Tawau	B	156	6	9.5	3	0	84	1	NA	01.09.2015	0.975963719	0.434985423	0.201958104	5.32	45	1
B157	ssem	SS	B	157	6.5	9.5	21	0	84	1	NA	09.09.2015	1.076825969	0.658431019	NA	4.03	53	1
B158	slep	SL_m_72	B	158	7	9.5	6	0	84	1	NA	27.08.2015	NA	NA	0.21142489	5.11	40	1
B159	sbec	Sbec_Sfr	B	159	7.5	9.5	9	0	84	1	NA	11.08.2015	0.988098533	0.533075007	NA	4.29	24	1
B160	sxan	9K_Sxan_29	B	160	8	9.5	15	0	84	1	NA	17.08.2015	1.088041086	0.652604549	NA	2.62	30	1
C1	dry	Dl_m_4	C	1	9	0	0	0	84	1	NA	NA	1.094920899	0.501804052	0.157339453	5.52	84	0
C2	dry	DL_Tawau	C	2	9.5	0	3	0	84	1	NA	NA	1.072389127	0.484024797	0.163026422	4.69	84	0
C3	pmal	Pmal_1_RDC	C	3	10	0	6	0	84	1	NA	10.08.2015	0.731831976	0.60980674	NA	3.2	23	1
C4	ssmi	Ssmi_5	C	4	10.5	0	12	0	84	1	NA	17.08.2015	0.603254893	0.51473499	NA	5.19	30	1
C5	ptom	Pt_m_4	C	5	11	0	21	1	32	0	19.08.2015	26.07.2015	NA	NA	NA	4.28	8	1
C6	sbec	Sbec_Sfr	C	6	11.5	0	12	1	37	0	24.08.2015	01.08.2015	NA	NA	NA	3.03	14	1
C7	sxan	ou_sxan_2	C	7	12	0	6	1	42	0	29.08.2015	07.08.2015	NA	NA	NA	3.71	20	1
C8	spar	9P_Spar_2	C	8	12.5	0	12	1	33	0	20.08.2015	07.08.2015	NA	NA	NA	2.49	20	1
C9	sjoh	8K_SJoh_8	C	9	9	0.5	3	0	84	1	NA	NA	NA	NA	NA	3.36	84	0
C10	ptom	Pt_m_1	C	10	9.5	0.5	12	1	14	0	01.08.2015	04.08.2015	NA	NA	NA	4.09	17	1
C11	ssmi	Ssmi_Tawau	C	11	10	0.5	9	0	84	1	NA	29.08.2015	0.934656281	0.359050445	0.150346589	4.69	42	1
C12	spar	SP_m_5	C	12	10.5	0.5	0	0	84	1	NA	01.09.2015	0.99030328	0.407778007	0.163026422	3.31	45	1
C13	ssmi	Ssmi_4	C	13	11	0.5	21	0	84	1	NA	16.08.2015	0.940480294	0.452487648	NA	5.4	29	1
C14	slep	12I_Slep_3	C	14	11.5	0.5	6	0	84	1	NA	NA	0.859979547	0.372507244	0.225519883	4.25	84	0
C15	ptom	Ptom_4	C	15	12	0.5	21	1	47	0	03.09.2015	03.08.2015	NA	NA	NA	4.36	16	1
C16	spar	Sp_m_3	C	16	12.5	0.5	9	0	84	1	NA	05.10.2015	0.968325792	0.536794475	NA	3.34	79	1
C17	ssmi	9H_Ssmi_4	C	17	9	1	3	0	84	1	NA	22.08.2015	1.009487179	0.440683761	0.171280924	4.36	35	1
C18	ptom	Ptom_4	C	18	9.5	1	15	1	42	0	29.08.2015	18.08.2015	NA	NA	NA	4.17	31	1
C19	spar	Spar_1	C	19	10	1	18	1	14	0	01.08.2015	12.08.2015	NA	NA	NA	3.56	25	1
C20	sxan	11H_Sxan_1	C	20	10.5	1	15	1	34	0	21.08.2015	04.08.2015	NA	NA	NA	4.31	17	1
C21	sxan	8m_Sxan_3	C	21	11	1	12	1	48	0	04.09.2015	11.08.2015	NA	NA	NA	4.69	24	1
C22	dry	DL_Tawau	C	22	11.5	1	12	0	84	1	NA	NA	1.004737332	0.508078843	0.143948862	4.35	84	0
C23	dry	DL_m_3	C	23	12	1	6	0	84	1	NA	NA	1.032645089	0.600027902	0.139496835	4.37	84	0
C24	ssmi	Ssmi_m_2	C	24	12.5	1	0	0	84	1	NA	08.10.2015	1.046509452	0.431592738	0.16401446	3.65	82	1
C25	slep	8Pslep_2	C	25	9	1.5	3	0	84	1	NA	NA	0.841205432	0.338364984	0.165014549	4.87	84	0
C26	dry	DL_Tawau	C	26	9.5	1.5	18	0	84	1	NA	12.09.2015	0.996696604	0.514607206	0.177043647	5.33	56	1
C27	sbec	Sbec_Sfr	C	27	10	1.5	21	0	84	1	NA	10.09.2015	0.631356621	0.533062551	NA	4.08	54	1
C28	sjoh	8K_SJoh_8	C	28	10.5	1.5	0	0	84	1	NA	01.09.2015	0.747100955	0.5	NA	3.22	45	1
C29	sbec	SHOREABECCARINA_Sbec	C	29	11	1.5	15	1	77	0	03.10.2015	07.08.2015	0.779932203	0.510779661	NA	4.88	20	1
C30	sbec	Sbec_Sfr	C	30	11.5	1.5	0	0	84	1	NA	NA	0.986028673	0.472011688	0.128868505	3.94	84	0
C31	spar	SP_m_5	C	31	12	1.5	9	0	84	1	NA	NA	0.914759102	0.50381513	0.147613014	3.84	84	0
C32	ssmi	Ssmi_5	C	32	12.5	1.5	15	1	66	0	22.09.2015	01.08.2015	0.618851616	0.512656925	NA	4.18	14	1
C33	ssmi	Ssmi_Tawau	C	33	9	2	6	0	84	1	NA	24.07.2015	0.982452008	0.437639854	0.167051765	5.19	6	1
C34	sjoh	SJ_m_10	C	34	9.5	2	12	0	84	1	NA	NA	0.842379842	0.314574315	NA	4.39	84	0
C35	slep	Slep_m_122	C	35	10	2	15	0	84	1	NA	01.09.2015	0.920114613	0.375014327	0.2081722	4.15	45	1
C36	slep	9P_Slep_2	C	36	10.5	2	18	1	56	0	12.09.2015	25.07.2015	NA	NA	NA	2.95	7	1
C37	dry	DL_m_7	C	37	11	2	15	0	84	1	NA	NA	1.108711453	0.644169868	0.155530954	4.78	84	0
C38	ssem	SS	C	38	11.5	2	18	0	84	1	NA	06.10.2015	0.969435371	0.622491834	0.246021691	3.35	80	1
C39	ssem	SS	C	39	12	2	0	0	84	1	NA	NA	1.106628471	0.575236731	0.182853959	3.74	84	0
C40	sjoh	S.Joh_m_7	C	40	12.5	2	15	1	66	0	22.09.2015	29.08.2015	0.577063448	0.48540146	NA	4.36	42	1
C41	slep	SL_m_114	C	41	9	2.5	21	0	84	1	NA	29.07.2015	0.888841263	0.47021003	0.225519883	4.48	11	1
C42	sbec	SHOREABECCARINA_Sbec	C	42	9.5	2.5	9	0	84	1	NA	23.07.2015	1.023324374	0.547645886	0.169139912	4.54	5	1
C43	ptom	9J_Ptom_14	C	43	10	2.5	6	0	84	1	NA	NA	0.942175857	0.805663189	0.187933236	2.8	84	0
C44	ssem	SS	C	44	10.5	2.5	3	0	84	1	NA	NA	1.07980284	0.616242225	0.169139912	3.55	84	0
C45	slep	9P_Slep_2	C	45	11	2.5	0	0	84	1	NA	04.09.2015	0.975694763	0.442630469	0.185358808	3.31	48	1
C46	sjoh	8m_SJoh_9	C	46	11.5	2.5	9	0	84	1	NA	01.09.2015	0.79042735	0.319145299	NA	3.89	45	1
C47	dry	DL_m_6	C	47	12	2.5	0	0	84	1	NA	NA	1.112455516	0.415124555	0.178042013	2.23	84	0
C48	ssmi	Ssmi_Tawau	C	48	12.5	2.5	12	0	84	1	NA	23.09.2015	0.964956276	0.370434671	0.221822836	5.58	67	1
C49	ptom	Ptom_2_RDC	C	49	9	3	18	1	31	0	18.08.2015	02.08.2015	NA	NA	0.251743125	4.34	15	1
C50	dry	DL_m_1	C	50	9.5	3	9	1	44	0	31.08.2015	07.08.2015	NA	NA	NA	4.76	20	1
C51	slep	SL_m_6	C	51	10	3	12	0	84	1	NA	NA	0.915182029	0.493996902	NA	3.17	84	0
C52	spar	Sp_m_3	C	52	10.5	3	15	0	84	1	NA	02.08.2015	0.844989964	0.479079821	NA	3.86	15	1
C53	ptom	Ptom_3	C	53	11	3	6	1	41	0	28.08.2015	04.08.2015	NA	NA	NA	3.61	17	1
C54	dry	DL_Tawau	C	54	11.5	3	15	0	84	1	NA	NA	1.029969262	0.430455943	0.150346589	3.69	84	0
C55	pmal	9L_Pmal_7	C	55	12	3	12	1	48	0	04.09.2015	10.08.2015	NA	NA	NA	3.98	23	1
C56	sbec	SHOREABECCARINA_Sbec	C	56	12.5	3	18	0	84	1	NA	26.07.2015	0.59756447	0.505873926	NA	4.77	8	1
C57	ssem	SS	C	57	9	3.5	15	0	84	1	NA	11.09.2015	0.69010101	0.574545455	NA	2.19	55	1
C58	pmal	Pmal_m_1	C	58	9.5	3.5	18	1	72	0	28.09.2015	24.07.2015	0.689290012	0.59133574	NA	3.45	6	1
C59	dry	DL_m_2	C	59	10	3.5	18	0	84	1	NA	NA	1.102584464	0.573491193	0.143948862	5.17	84	0
C60	sbec	Sbec_Sfr	C	60	10.5	3.5	3	0	84	1	NA	04.09.2015	0.999847282	0.650274893	0.128868505	3.67	48	1
C61	sxan	8n_Sxan	C	61	11	3.5	0	0	84	1	NA	NA	1.042076887	0.546061885	0.14243361	3.21	84	0
C62	ssem	SS	C	62	11.5	3.5	12	1	14	0	01.08.2015	04.08.2015	NA	NA	NA	3.45	17	1
C63	ssem	Ssem_ou	C	63	12	3.5	21	0	84	1	NA	25.08.2015	0.92034005	0.624527708	0.152035876	4.41	38	1
C64	ptom	All_Ptom_4	C	64	12.5	3.5	3	1	34	0	21.08.2015	10.08.2015	NA	NA	NA	3.59	23	1
C65	ssem	SS	C	65	9	4	18	1	53	0	09.09.2015	30.07.2015	NA	NA	NA	1.84	12	1
C66	ssmi	9H_Ssmi_4	C	66	9.5	4	18	0	84	1	NA	16.08.2015	0.940833513	0.460447707	0.218245048	5.32	29	1
C67	pmal	8L_Pmal_9	C	67	10	4	9	0	84	1	NA	04.09.2015	0.902192243	0.574480045	0.171280924	3.42	48	1
C68	ptom	8L_Ptom_6	C	68	10.5	4	3	0	84	1	NA	13.09.2015	0.88677651	0.756653992	0.198988132	2.08	57	1
C69	sjoh	SJ_m_1	C	69	11	4	0	0	84	1	NA	20.08.2015	1.058689133	0.517206911	0.233296431	3.55	33	1
C70	ssmi	Ssmi_4	C	70	11.5	4	0	0	84	1	NA	NA	0.95474694	0.414885875	0.143948862	6.29	84	0
C71	ptom	Pt_m_4	C	71	12	4	0	0	84	1	NA	NA	1.112511861	0.847363427	0.180415906	4.47	84	0
C72	sbec	SHOREABECCARINA_Sbec	C	72	12.5	4	0	0	84	1	NA	NA	1.020633751	0.269466961	0.143948862	4.41	84	0
C73	sjoh	8K_SJoh_8	C	73	9	4.5	6	0	84	1	NA	08.08.2015	1.027783453	0.643309499	0.190580183	3.49	21	1
C74	pmal	12H_Pmal_1	C	74	9.5	4.5	21	1	14	0	01.08.2015	23.07.2015	NA	NA	NA	3.12	5	1
C75	sbec	Sbec_Sfr	C	75	10	4.5	9	0	84	1	NA	28.09.2015	0.930301116	0.564118762	0.148694428	3.27	72	1
C76	ssem	SS	C	76	10.5	4.5	21	0	84	1	NA	30.07.2015	0.866888094	0.420669392	0.2081722	3.69	12	1
C77	slep	Slep_m_2	C	77	11	4.5	9	0	84	1	NA	31.08.2015	0.902356611	0.479206377	NA	3.38	44	1
C78	spar	9P_Spar_2	C	78	11.5	4.5	3	1	69	0	25.09.2015	25.08.2015	0.863330195	0.396393134	0.195631706	3.33	38	1
C79	slep	Slep_1	C	79	12	4.5	12	0	84	1	NA	NA	0.009032359	0.004224531	0.2081722	3.92	84	0
C80	slep	8Pslep_2	C	80	12.5	4.5	6	0	84	1	NA	NA	0.795092244	0.405068959	0.201958104	5.44	84	0
C81	sjoh	SJ_m_1	C	81	9	5	18	1	39	0	26.08.2015	23.07.2015	NA	NA	NA	3.73	5	1
C82	spar	Sp_m_4	C	82	9.5	5	21	1	40	0	27.08.2015	21.07.2015	NA	NA	NA	2.87	3	1
C83	pmal	Pmal_Tawau	C	83	10	5	15	0	84	1	NA	NA	0.924366042	0.519404631	0.284867221	4.68	84	0
C84	sxan	8m_Sxan_3	C	84	10.5	5	9	0	84	1	NA	NA	1.050089982	0.692861428	NA	4.68	84	0
C85	sbec	SHOREABECCARINA_Sbec	C	85	11	5	18	0	84	1	NA	01.08.2015	0.604301075	0.513799283	NA	4.33	14	1
C86	sxan	Sxan_1	C	86	11.5	5	21	1	35	0	22.08.2015	04.08.2015	NA	NA	NA	4.58	17	1
C87	pmal	All_Pmal_1	C	87	12	5	12	1	48	0	04.09.2015	28.08.2015	NA	NA	NA	4.18	41	1
C88	dry	DL_Tawau	C	88	12.5	5	21	0	84	1	NA	NA	1.022640711	0.494498519	0.171280924	4.2	84	0
C89	pmal	Pmal_1_RDC	C	89	9	5.5	3	0	84	1	NA	NA	1.069378471	0.59891617	0.185358808	4.4	84	0
C90	sxan	9K_Sxan_2	C	90	9.5	5.5	21	1	32	0	19.08.2015	08.08.2015	NA	NA	NA	3.37	21	1
C91	spar	9P_Spar_2	C	91	10	5.5	18	1	31	0	18.08.2015	31.07.2015	NA	NA	NA	3.71	13	1
C92	pmal	Pm_m_5	C	92	10.5	5.5	15	1	41	0	28.08.2015	10.08.2015	NA	NA	NA	4.53	23	1
C93	sbec	SHOREABECCARINA_Sbec	C	93	11	5.5	21	1	38	0	25.08.2015	30.07.2015	NA	NA	NA	4.63	12	1
C94	ptom	Ptom_m_3	C	94	11.5	5.5	15	0	84	1	NA	25.08.2015	0.647558386	0.561358811	0.161566483	4.6	38	1
C95	sxan	8n_Sxan	C	95	12	5.5	6	1	47	0	03.09.2015	29.08.2015	NA	NA	NA	3.22	42	1
C96	dry	DL_m_1	C	96	12.5	5.5	6	0	84	1	NA	17.08.2015	1.062333897	0.483148103	0.116648215	6.24	30	1
C97	spar	9Q_Spar_10	C	97	9	6	0	0	84	1	NA	NA	1.045167404	0.390082123	0.205018076	3.26	84	0
C98	ssem	SS	C	98	9.5	6	0	0	84	1	NA	NA	1.106482931	0.553502453	NA	3.76	84	0
C99	sbec	Sbec_Sfr	C	99	10	6	6	1	49	0	05.09.2015	28.08.2015	NA	NA	NA	4.18	41	1
C100	sxan	Sxan_1	C	100	10.5	6	0	0	84	1	NA	NA	1.048540798	0.466497915	0.146283167	3.89	84	0
C101	ssem	SS	C	101	11	6	6	0	84	1	NA	04.10.2015	1.05682874	0.701920099	0.169139912	3.3	78	1
C102	sxan	8m_Sxan_3	C	102	11.5	6	12	1	31	0	18.08.2015	04.08.2015	NA	NA	NA	3.8	17	1
C103	ssem	SS	C	103	12	6	12	0	84	1	NA	NA	1.087278256	0.674607197	0.150346589	3.84	84	0
C104	pmal	9L_Pmal_9	C	104	12.5	6	6	1	82	0	08.10.2015	25.08.2015	0.694362018	0.566906881	NA	3.34	38	1
C105	sjoh	8m_SJoh_7	C	105	9	6.5	6	0	84	1	NA	04.08.2015	0.979556373	0.553511193	0.159190506	3.39	17	1
C106	spar	SP_m_7	C	106	9.5	6.5	15	1	35	0	22.08.2015	10.08.2015	NA	NA	NA	3.37	23	1
C107	slep	SL_m_6	C	107	10	6.5	3	0	84	1	NA	NA	0.915334477	0.43238422	0.2081722	3.97	84	0
C108	sjoh	8L_SJoh_50	C	108	10.5	6.5	9	0	84	1	NA	03.08.2015	0.941977267	0.510309278	0.157339453	4.03	16	1
C109	sbec	Sbec_Sfr	C	109	11	6.5	15	1	38	0	25.08.2015	10.08.2015	NA	NA	NA	4.44	23	1
C110	ssem	SS	C	110	11.5	6.5	9	0	84	1	NA	NA	1.085120422	0.812603101	0.145496699	2.29	84	0
C111	pmal	Pmal_m_2	C	111	12	6.5	18	1	74	0	30.09.2015	13.08.2015	0.832273113	0.62192536	NA	3.66	26	1
C112	sbec	SHOREABECCARINA_Sbec	C	112	12.5	6.5	6	0	84	1	NA	NA	0.964971347	0.450071633	0.178042013	5.87	84	0
C113	ptom	Ptom_3	C	113	9	7	9	1	84	1	10.10.2015	01.08.2015	0.644178874	0.562451812	0.154642206	4.47	14	1
C114	slep	Slep_1	C	114	9.5	7	18	0	84	1	NA	10.08.2015	0.868724832	0.491543624	NA	2.68	23	1
C115	spar	SP_m_7	C	115	10	7	6	0	84	1	NA	10.08.2015	0.655949519	0.5546875	NA	2.97	23	1
C116	dry	DL_m_1	C	116	10.5	7	12	0	84	1	NA	NA	1.100073046	0.577915754	0.131370806	5.49	84	0
C117	ssmi	Ssmi_4	C	117	11	7	3	0	84	1	NA	10.08.2015	1.009882433	0.428181973	0.13531193	5.87	23	1
C118	ssmi	Ssmi_m_2	C	118	11.5	7	9	1	39	0	26.08.2015	10.08.2015	NA	NA	NA	3.42	23	1
C119	spar	Sp_m_4	C	119	12	7	3	0	84	1	NA	NA	0.809695052	0.55509206	0.201958104	3.43	84	0
C120	dry	Dl_m_4	C	120	12.5	7	3	0	84	1	NA	NA	1.051035456	0.433096108	0.128868505	5.93	84	0
C121	ptom	Ptom_m_3	C	121	9	7.5	12	1	55	0	11.09.2015	23.07.2015	NA	NA	NA	3.78	5	1
C122	sxan	9K_Sxan_29	C	122	9.5	7.5	15	1	40	0	27.08.2015	04.08.2015	NA	NA	NA	2.44	17	1
C123	sjoh	ou_SJoh_23A	C	123	10	7.5	21	1	41	0	28.08.2015	23.07.2015	NA	NA	NA	3.09	5	1
C124	dry	DL_m_3	C	124	10.5	7.5	9	0	84	1	NA	NA	1.080085683	0.584784411	0.150346589	4.5	84	0
C125	pmal	Pm_m_5	C	125	11	7.5	0	0	84	1	NA	NA	1.029158383	0.598519991	0.186637145	4.46	84	0
C126	ptom	All_Ptom_4	C	126	11.5	7.5	9	0	84	1	NA	NA	0.965175044	0.678948819	0.167051765	5.94	84	0
C127	ssmi	Ssmi_Tawau	C	127	12	7.5	15	0	84	1	NA	NA	0.929568106	0.502724252	NA	4.36	84	0
C128	ssem	Ssem_ou	C	128	12.5	7.5	6	0	84	1	NA	NA	1.036887267	0.679751455	0.169139912	4.01	84	0
C129	spar	Sp_m_1	C	129	9	8	21	0	84	1	NA	08.08.2015	0.618772419	0.514149063	NA	5.35	21	1
C130	sxan	Sxan_3_RDC	C	130	9.5	8	9	1	58	0	14.09.2015	14.08.2015	NA	NA	NA	2.92	27	1
C131	sjoh	SJ_m_6	C	131	10	8	18	1	83	0	09.10.2015	09.08.2015	0.541046996	0.45240928	NA	3.04	22	1
C132	spar	Spar_1	C	132	10.5	8	12	0	84	1	NA	28.08.2015	NA	NA	NA	3.54	41	1
C133	pmal	9L_Pmal_7	C	133	11	8	0	0	84	1	NA	31.07.2015	1.083125623	0.559197408	NA	3.33	13	1
C134	spar	SP_m_5	C	134	11.5	8	6	0	84	1	NA	NA	0.81223257	0.544928266	0.198988132	3.55	84	0
C135	ptom	Ptom_1_RDC	C	135	12	8	0	0	84	1	NA	NA	1.043058455	0.475121781	NA	3.36	84	0
C136	ssem	Ssem_ou	C	136	12.5	8	3	0	84	1	NA	NA	1.011145714	0.676610392	0.155530954	3.71	84	0
C137	sbec	SHOREABECCARINA_Sbec	C	137	9	8.5	12	1	15	0	02.08.2015	10.08.2015	NA	NA	NA	4.46	23	1
C138	sbec	SHOREABECCARINA_Sbec	C	138	9.5	8.5	3	0	84	1	NA	NA	0.941583085	0.461846029	0.190580183	4.8	84	0
C139	sxan	8m_Sxan_3	C	139	10	8.5	18	1	34	0	21.08.2015	04.08.2015	NA	NA	NA	6.37	17	1
C140	ptom	Pt_m_1	C	140	10.5	8.5	18	1	66	0	22.09.2015	05.08.2015	0.630851456	0.541651309	NA	4.05	18	1
C141	sjoh	8m_SJoh_6	C	141	11	8.5	21	1	67	0	23.09.2015	21.07.2015	0.512485414	0.435005834	NA	3.67	3	1
C142	ssem	SS	C	142	11.5	8.5	15	0	84	1	NA	01.09.2015	1.094105742	0.641032127	NA	2.95	45	1
C143	sxan	9K_Sxan_29	C	143	12	8.5	3	1	69	0	25.09.2015	01.09.2015	0.489952622	0.434896259	NA	3.1	45	1
C144	ssmi	Ssmi_4	C	144	12.5	8.5	21	0	84	1	NA	28.08.2015	0.718680339	NA	NA	5.33	41	1
C145	pmal	12H_Pmal_1	C	145	9	9	21	1	54	0	10.09.2015	23.07.2015	NA	NA	NA	2.6	5	1
C146	sjoh	8m_SJoh_7	C	146	9.5	9	12	1	30	0	17.08.2015	23.07.2015	NA	NA	NA	3.61	5	1
C147	slep	8Q_Slep_4	C	147	10	9	21	0	84	1	NA	17.09.2015	0.689896446	0.472338838	NA	5.39	61	1
C148	ssmi	Ssmi_19	C	148	10.5	9	18	0	84	1	NA	NA	0.983617814	0.39935256	NA	6.78	84	0
C149	sjoh	ou_SJoh_23A	C	149	11	9	15	1	31	0	18.08.2015	26.07.2015	0.84650833	0.502304147	NA	3.43	8	1
C150	pmal	8_m_Pmal_8	C	150	11.5	9	3	0	84	1	NA	NA	1.007724394	0.476826819	0.2081722	4.22	84	0
C151	sjoh	8L_SJoh_50	C	151	12	9	3	0	84	1	NA	25.08.2015	0.858765432	0.574567901	0.152035876	3.68	38	1
C152	sxan	11H_Sxan_1	C	152	12.5	9	18	1	58	0	14.09.2015	29.07.2015	NA	NA	NA	3.33	11	1
C153	pmal	Pm_m_3	C	153	9	9.5	9	0	84	1	NA	06.08.2015	1.005656109	0.660180995	0.171280924	2.66	19	1
C154	sxan	8L_Sxan_10	C	154	9.5	9.5	3	1	72	0	28.09.2015	01.09.2015	0.715965966	0.578078078	0.287897723	3.22	45	1
C155	slep	SL_m_1	C	155	10	9.5	15	0	84	1	NA	27.07.2015	0.784276127	0.450623202	NA	3.52	9	1
C156	ssmi	Ssmi_19	C	156	10.5	9.5	6	1	44	0	31.08.2015	14.08.2015	NA	NA	NA	5.48	27	1
C157	dry	DL_m_2	C	157	11	9.5	21	0	84	1	NA	NA	1.055507944	0.561144439	0.133972208	7.14	84	0
C158	slep	12I_Slep_3	C	158	11.5	9.5	9	0	84	1	NA	NA	0.865247339	0.341327489	0.225519883	5	84	0
C159	ssem	Ssem_ou	C	159	12	9.5	9	0	84	1	NA	NA	0.893996361	0.547119466	0.156883397	2.75	84	0
C160	slep	SL_m_72	C	160	12.5	9.5	0	0	84	1	NA	NA	0.971378247	0.465213562	0.235325095	4.59	84	0
D1	spar	Sp_m_1	D	1	13.5	0	3	0	84	1	NA	NA	0.921764706	0.357794118	0.157339453	4.59	84	0
D2	sjoh	8L_SJoh_50	D	2	14	0	3	0	84	1	NA	25.08.2015	0.980406474	0.432883047	0.178042013	3.35	38	1
D3	slep	Slep_m_2	D	3	14.5	0	18	0	84	1	NA	NA	0.933509122	0.442488597	NA	4.53	84	0
D4	ptom	All_Ptom_4	D	4	15	0	12	1	25	0	12.08.2015	01.08.2015	NA	NA	NA	3.74	14	1
D5	spar	9P_Spar_2	D	5	15.5	0	18	1	26	0	13.08.2015	04.08.2015	NA	NA	NA	2.85	17	1
D6	sjoh	8L_SJoh_50	D	6	16	0	0	0	84	1	NA	07.09.2015	0.950360017	0.434138077	0.157339453	3.71	51	1
D7	spar	Sp_m_4	D	7	16.5	0	21	1	38	0	25.08.2015	23.07.2015	NA	NA	NA	3.43	5	1
D8	dry	DL_m_2	D	8	17	0	21	0	84	1	NA	NA	1.079727943	0.51262674	0.159190506	5.32	84	0
D9	pmal	9L_Pmal_7	D	9	13.5	0.5	9	0	84	1	NA	12.09.2015	1.050094844	0.182100362	0.229342254	4.41	56	1
D10	spar	9Q_Spar_10	D	10	14	0.5	21	1	30	0	17.08.2015	21.07.2015	NA	NA	NA	4.33	3	1
D11	slep	Slep_1	D	11	14.5	0.5	6	0	84	1	NA	25.08.2015	0.990089552	0.439402985	0.185358808	3.59	38	1
D12	dry	DL_Tawau	D	12	15	0.5	6	0	84	1	NA	NA	1.065329467	0.47438376	0.185358808	4.64	84	0
D13	pmal	Pm_m_6	D	13	15.5	0.5	0	0	84	1	NA	31.07.2015	1.025072756	0.472800537	NA	3.04	13	1
D14	ssmi	Ssmi_Tawau	D	14	16	0.5	12	0	84	1	NA	25.08.2015	0.968363264	0.379547781	NA	4.77	38	1
D15	slep	SL_m_72	D	15	16.5	0.5	6	0	84	1	NA	NA	0.914676069	0.37117673	0.229342254	4.56	84	0
D16	ssem	SS	D	16	17	0.5	3	0	84	1	NA	NA	1.077599128	0.544352092	0.161566483	2.5	84	0
D17	ptom	Pt_m_1	D	17	13.5	1	3	0	84	1	NA	06.10.2015	1.045703709	0.475048053	NA	4.09	80	1
D18	dry	DL_m_6	D	18	14	1	3	0	84	1	NA	NA	1.052257737	0.440639269	0.167051765	3.34	84	0
D19	ssem	SS	D	19	14.5	1	6	0	84	1	NA	NA	1.103328865	0.561438785	NA	3.73	84	0
D20	sxan	8n_Sxan	D	20	15	1	18	1	26	0	13.08.2015	30.07.2015	NA	NA	NA	3.42	12	1
D21	slep	SL_m_6	D	21	15.5	1	18	0	84	1	NA	07.10.2015	0.9467028	0.410217806	NA	3.87	81	1
D22	sbec	SHOREABECCARINA_Sbec	D	22	16	1	9	0	84	1	NA	25.08.2015	1.001887584	0.432151846	0.159190506	4.9	38	1
D23	sbec	Sbec_Sfr	D	23	16.5	1	0	0	84	1	NA	NA	1.011075949	0.56592827	0.123010845	3.11	84	0
D24	dry	DL_m_2	D	24	17	1	3	0	84	1	NA	NA	1.089216447	0.507440581	0.152035876	5.04	84	0
D25	sbec	SHOREABECCARINA_Sbec	D	25	13.5	1.5	6	0	84	1	NA	NA	1.015846007	0.460704031	0.190580183	4.02	84	0
D26	ssmi	Ssmi_Tawau	D	26	14	1.5	18	0	84	1	NA	05.09.2015	0.969587745	0.455883457	NA	5.35	49	1
D27	sxan	8m_Sxan_3	D	27	14.5	1.5	12	1	31	0	18.08.2015	07.08.2015	NA	NA	NA	3.98	20	1
D28	ssmi	Ssmi_19	D	28	15	1.5	6	1	55	0	11.09.2015	25.07.2015	NA	NA	NA	6.58	7	1
D29	pmal	Pm_m_5	D	29	15.5	1.5	18	1	46	0	02.09.2015	25.07.2015	NA	NA	NA	3.72	7	1
D30	ptom	Ptom_4	D	30	16	1.5	18	1	34	0	21.08.2015	09.08.2015	NA	NA	0.167051765	4.06	22	1
D31	sxan	8m_Sxan_3	D	31	16.5	1.5	12	1	20	0	07.08.2015	04.08.2015	NA	NA	NA	3.17	17	1
D32	slep	8Q_Slep_4	D	32	17	1.5	0	0	84	1	NA	NA	0.882908097	0.351405884	NA	5.42	84	0
D33	slep	8Pslep_2	D	33	13.5	2	9	0	84	1	NA	NA	0.925642808	0.371785962	0.201958104	4.4	84	0
D34	ssem	SS	D	34	14	2	21	1	56	0	12.09.2015	01.08.2015	NA	NA	NA	2.99	14	1
D35	slep	12I_Slep_3	D	35	14.5	2	9	0	84	1	NA	NA	0.882977403	0.340700273	0.21142489	4.65	84	0
D36	sxan	Sxan_1	D	36	15	2	6	0	84	1	NA	14.08.2015	0.880934718	0.616839763	0.173476833	2.46	27	1
D37	ptom	All_Ptom_4	D	37	15.5	2	12	1	79	0	05.10.2015	16.08.2015	0.661371351	0.551391718	NA	4.67	29	1
D38	sxan	ou_sxan_2	D	38	16	2	15	1	47	0	03.09.2015	19.08.2015	NA	NA	NA	3.45	32	1
D39	sxan	9K_Sxan_2	D	39	16.5	2	21	1	35	0	22.08.2015	06.08.2015	NA	NA	NA	3.24	19	1
D40	ssem	SS	D	40	17	2	6	0	84	1	NA	NA	1.011057174	0.615695793	0.21142489	2.17	84	0
D41	pmal	Pmal_Tawau	D	41	13.5	2.5	6	0	84	1	NA	NA	1.049709361	0.611077704	NA	4.41	84	0
D42	spar	SP_m_5	D	42	14	2.5	3	0	84	1	NA	02.10.2015	0.921946903	0.46920354	0.159190506	3.13	76	1
D43	dry	DL_m_6	D	43	14.5	2.5	12	0	84	1	NA	13.09.2015	1.077389823	0.441451991	0.13531193	4.04	57	1
D44	sjoh	ou_SJoh_23A	D	44	15	2.5	12	1	39	0	26.08.2015	28.07.2015	NA	NA	NA	4.07	10	1
D45	slep	12H_Slep_8	D	45	15.5	2.5	12	0	84	1	NA	07.10.2015	0.952971977	0.419276641	NA	4.61	81	1
D46	slep	12I_Slep_3	D	46	16	2.5	21	0	84	1	NA	04.08.2015	0.904265873	0.41577381	NA	4.05	17	1
D47	sjoh	8m_SJoh_6	D	47	16.5	2.5	6	1	60	0	16.09.2015	13.09.2015	0.5250501	0.454687152	NA	3.68	57	1
D48	ssmi	Ssmi_m_2	D	48	17	2.5	0	0	84	1	NA	NA	1.005518639	0.369185719	0.153763557	2.9	84	0
D49	sbec	SHOREABECCARINA_Sbec	D	49	13.5	3	3	1	32	0	19.08.2015	24.07.2015	0.700041203	0.580552122	NA	2.85	6	1
D50	dry	DL_Tawau	D	50	14	3	0	0	84	1	NA	NA	1.072122274	0.439898105	0.14243361	3.6	84	0
D51	sxan	Sxan_1	D	51	14.5	3	3	1	37	0	24.08.2015	13.08.2015	NA	NA	NA	4.06	26	1
D52	ptom	Ptom_1_RDC	D	52	15	3	0	0	84	1	NA	NA	1.006966512	0.469078465	0.180415906	3.47	84	0
D53	ssem	SS	D	53	15.5	3	0	0	84	1	NA	NA	1.077283669	0.49071329	0.173476833	2.6	84	0
D54	ssmi	Ssmi_5	D	54	16	3	3	0	84	1	NA	NA	1.011335243	0.430739228	0.185358808	4.75	84	0
D55	ssmi	Ssmi_m_2	D	55	16.5	3	0	0	84	1	NA	05.10.2015	1.024535124	0.393164601	0.169139912	3.67	79	1
D56	sbec	SHOREABECCARINA_Sbec	D	56	17	3	3	0	84	1	NA	NA	0.958095022	0.384506484	0.159190506	5.41	84	0
D57	ssem	SS	D	57	13.5	3.5	15	0	84	1	NA	NA	1.085180573	0.730012453	0.212254008	2.74	84	0
D58	spar	Sp_m_3	D	58	14	3.5	12	0	84	1	NA	NA	0.93654555	0.460637177	0.196817353	3.58	84	0
D59	ptom	8L_Ptom_6	D	59	14.5	3.5	21	1	35	0	22.08.2015	04.08.2015	NA	NA	NA	2.7	17	1
D60	dry	DL_Tawau	D	60	15	3.5	18	0	84	1	NA	NA	1.082254453	0.456341867	0.159190506	5.56	84	0
D61	ssmi	Ssmi_5	D	61	15.5	3.5	21	0	84	1	NA	NA	0.91394521	0.496053243	NA	3.78	84	0
D62	ssmi	Ssmi_3A	D	62	16	3.5	21	0	84	1	NA	NA	0.994492179	0.466622604	NA	3.63	84	0
D63	sbec	SHOREABECCARINA_Sbec	D	63	16.5	3.5	18	0	84	1	NA	23.07.2015	0.942507126	0.38237613	0.240554542	5.83	5	1
D64	sbec	Sbec_Sfr	D	64	17	3.5	0	0	84	1	NA	29.07.2015	0.947826087	0.402112962	0.127652764	4.24	11	1
D65	sbec	SHOREABECCARINA_Sbec	D	65	13.5	4	12	0	84	1	NA	NA	0.914008977	0.456768249	0.159190506	3.86	84	0
D66	dry	DL_m_7	D	66	14	4	6	0	84	1	NA	16.08.2015	1.093627552	0.5609404	0.155530954	5.32	29	1
D67	spar	9P_Spar_2	D	67	14.5	4	0	0	84	1	NA	07.09.2015	0.918956591	0.328156113	NA	3.45	51	1
D68	sjoh	8m_SJoh_7	D	68	15	4	15	0	84	1	NA	26.07.2015	0.979351032	0.497914759	0.193302757	4.85	8	1
D69	dry	DL_m_1	D	69	15.5	4	18	0	84	1	NA	28.08.2015	1.054184612	0.450413223	0.182853959	6.17	41	1
D70	spar	Sp_m_4	D	70	16	4	6	0	84	1	NA	NA	0.952516619	0.479476628	0.150346589	3.02	84	0
D71	ptom	Pt_m_2	D	71	16.5	4	9	0	84	1	NA	NA	1.10755308	0.69729667	NA	3.94	84	0
D72	ssem	SS	D	72	17	4	18	1	17	0	04.08.2015	29.08.2015	NA	NA	NA	2	42	1
D73	spar	Sp_m_3	D	73	13.5	4.5	15	1	81	0	07.10.2015	31.08.2015	0.928540773	0.535193133	NA	3.46	44	1
D74	spar	SP_m_7	D	74	14	4.5	15	0	84	1	NA	25.08.2015	0.827371695	0.544323484	NA	3.4	38	1
D75	spar	SP_m_7	D	75	14.5	4.5	12	1	77	0	03.10.2015	11.08.2015	0.701643489	0.600505689	NA	3.96	24	1
D76	sbec	SHOREABECCARINA_Sbec	D	76	15	4.5	21	0	84	1	NA	NA	0.973153448	0.421231943	NA	4.67	84	0
D77	pmal	9L_Pmal_7	D	77	15.5	4.5	15	0	84	1	NA	09.08.2015	0.934852063	0.578969301	NA	3.8	22	1
D78	sbec	Sbec_Sfr	D	78	16	4.5	21	1	27	0	14.08.2015	23.07.2015	NA	NA	NA	5.5	5	1
D79	ptom	Ptom_4	D	79	16.5	4.5	6	0	84	1	NA	28.09.2015	0.957950844	0.574770506	NA	3.18	72	1
D80	sjoh	SJ_m_6	D	80	17	4.5	15	0	84	1	NA	NA	0.92244827	0.522865589	NA	4.11	84	0
D81	spar	Spar_1	D	81	13.5	5	9	1	14	0	01.08.2015	01.08.2015	NA	NA	NA	4.01	14	1
D82	slep	SL_m_114	D	82	14	5	0	0	84	1	NA	10.09.2015	0.926649548	0.326783521	NA	3.9	54	1
D83	ssem	Ssem_ou	D	83	14.5	5	18	1	53	0	09.09.2015	25.08.2015	NA	NA	NA	3.52	38	1
D84	ssmi	Ssmi_5	D	84	15	5	9	0	84	1	NA	13.08.2015	1.004413485	0.40997554	0.198988132	4.59	26	1
D85	ssem	SS	D	85	15.5	5	12	0	84	1	NA	07.08.2015	1.084684685	0.789189189	NA	1.95	20	1
D86	spar	SP_m_5	D	86	16	5	6	0	84	1	NA	11.08.2015	0.907224482	0.426108851	NA	3.47	24	1
D87	ptom	Pt_m_5	D	87	16.5	5	21	0	84	1	NA	25.08.2015	0.630708467	0.546531721	NA	3.2	38	1
D88	pmal	9L_Pmal_9	D	88	17	5	6	0	84	1	NA	NA	1.042233411	0.537686932	0.156883397	4.23	84	0
D89	sxan	8L_Sxan_10	D	89	13.5	5.5	6	1	41	0	28.08.2015	17.08.2015	NA	NA	NA	3.45	30	1
D90	slep	SL_maliau	D	90	14	5.5	15	0	84	1	NA	NA	0.87300838	0.367874425	NA	3.32	84	0
D91	sbec	Sbec_Sfr	D	91	14.5	5.5	12	1	40	0	27.08.2015	25.08.2015	NA	NA	NA	3.92	38	1
D92	slep	SL_m_6	D	92	15	5.5	15	0	84	1	NA	NA	0.907957245	0.40783848	0.237389351	4.05	84	0
D93	sxan	11H_Sxan_1	D	93	15.5	5.5	3	0	84	1	NA	NA	1.053389898	0.656287521	0.148694428	5.28	84	0
D94	pmal	Pmal_Tawau	D	94	16	5.5	18	1	56	0	12.09.2015	27.07.2015	NA	NA	NA	4.56	9	1
D95	ssmi	9H_Ssmi_4	D	95	16.5	5.5	15	0	84	1	NA	02.08.2015	0.950325416	0.373644101	0.14243361	6.23	15	1
D96	ptom	Ptom_2_RDC	D	96	17	5.5	9	1	54	0	10.09.2015	22.08.2015	NA	NA	NA	4.11	35	1
D97	sjoh	8K_SJoh_8	D	97	13.5	6	9	0	84	1	NA	01.08.2015	NA	NA	NA	3.48	14	1
D98	sjoh	SJ_m_4	D	98	14	6	21	1	38	0	25.08.2015	27.07.2015	NA	NA	NA	3.55	9	1
D99	sbec	SHOREABECCARINA_Sbec	D	99	14.5	6	15	0	84	1	NA	NA	1.027819691	0.455111279	0.130107625	4.44	84	0
D100	sjoh	8m_SJoh_6	D	100	15	6	12	1	34	0	21.08.2015	04.08.2015	NA	NA	NA	3.1	17	1
D101	sjoh	SJoh_m	D	101	15.5	6	6	0	84	1	NA	28.08.2015	0.954144144	0.423873874	NA	3.41	41	1
D102	dry	DL_m_6	D	102	16	6	0	0	84	1	NA	NA	1.044406069	0.421240903	0.133641412	2.83	84	0
D103	pmal	Pmal_1_RDC	D	103	16.5	6	0	0	84	1	NA	NA	1.033401301	0.48723177	0.229342254	3.65	84	0
D104	sxan	8L_Sxan_10	D	104	17	6	9	1	37	0	24.08.2015	13.08.2015	NA	NA	NA	3.79	26	1
D105	ssmi	Ssmi_m_2	D	105	13.5	6.5	3	0	84	1	NA	28.08.2015	0.968008339	0.41340603	0.175729779	4.36	41	1
D106	sjoh	SJ_m_1	D	106	14	6.5	3	1	48	0	04.09.2015	NA	0.922267588	0.449277638	0.167051765	3.76	84	0
D107	ssem	Ssem_ou	D	107	14.5	6.5	21	0	84	1	NA	28.07.2015	0.68447879	0.599967116	0.200462118	5.38	10	1
D108	sxan	ou_sxan_2	D	108	15	6.5	18	1	27	0	14.08.2015	04.08.2015	NA	NA	NA	3.56	17	1
D109	sjoh	SJ_m_10	D	109	15.5	6.5	21	0	84	1	NA	11.08.2015	0.700832381	0.549371634	NA	4.29	24	1
D110	ptom	Ptom_m_3	D	110	16	6.5	3	0	84	1	NA	NA	0.99159322	0.506169492	NA	3.58	84	0
D111	sxan	11H_Sxan_1	D	111	16.5	6.5	15	1	37	0	24.08.2015	13.08.2015	NA	NA	NA	3.81	26	1
D112	pmal	Pm_m_3	D	112	17	6.5	15	1	44	0	31.08.2015	28.07.2015	NA	NA	NA	3.54	10	1
D113	pmal	9L_Pmal_9	D	113	13.5	7	3	0	84	1	NA	16.08.2015	1.046400163	0.555476239	0.169139912	3.3	29	1
D114	sxan	Sxan_1	D	114	14	7	0	0	84	1	NA	NA	1.07531267	0.573681349	0.13531193	3.97	84	0
D115	pmal	8L_Pmal_9	D	115	14.5	7	21	1	14	0	01.08.2015	26.07.2015	NA	NA	NA	4.44	8	1
D116	pmal	8_m_Pmal_8	D	116	15	7	12	0	84	1	NA	17.09.2015	0.953477868	0.597109304	NA	4.02	61	1
D117	sxan	8m_Sxan_3	D	117	15.5	7	9	1	57	0	13.09.2015	11.08.2015	NA	NA	NA	3.39	24	1
D118	ssmi	Ssmi_3A	D	118	16	7	12	0	84	1	NA	31.08.2015	1.017331408	0.452171981	0.185358808	4.88	44	1
D119	sxan	8m_Sxan_3	D	119	16.5	7	0	0	84	1	NA	NA	0.99905838	0.452919021	0.150346589	4.37	84	0
D120	slep	SL_maliau	D	120	17	7	3	0	84	1	NA	29.08.2015	0.978695442	0.357335547	0.241628446	4.18	42	1
D121	pmal	Pm_m_5	D	121	13.5	7.5	9	1	39	0	26.08.2015	23.07.2015	NA	NA	NA	3.92	5	1
D122	ssem	SS	D	122	14	7.5	9	0	84	1	NA	17.09.2015	1.015121951	0.76097561	NA	1.98	61	1
D123	dry	DL_m_7	D	123	14.5	7.5	9	0	84	1	NA	NA	1.078117897	0.681542658	0.138073398	5.03	84	0
D124	sbec	SHOREABECCARINA_Sbec	D	124	15	7.5	15	0	84	1	NA	NA	1.011612272	0.591614717	0.171280924	5.97	84	0
D125	sbec	SHOREABECCARINA_Sbec	D	125	15.5	7.5	9	0	84	1	NA	25.07.2015	1.005504429	0.237894556	0.157339453	5.19	7	1
D126	sxan	9K_Sxan_29	D	126	16	7.5	21	1	39	0	26.08.2015	04.08.2015	NA	NA	NA	2.59	17	1
D127	ssem	SS	D	127	16.5	7.5	3	0	84	1	NA	NA	1.098758131	0.730731323	0.117662548	3.09	84	0
D128	pmal	All_Pmal_1	D	128	17	7.5	21	1	54	0	10.09.2015	17.08.2015	NA	NA	NA	4.11	30	1
D129	sbec	Sbec_Sfr	D	129	13.5	8	6	1	30	0	17.08.2015	01.09.2015	NA	NA	NA	2.87	45	1
D130	ssmi	Ssmi_Tawau	D	130	14	8	15	0	84	1	NA	15.09.2015	0.991270519	0.453553468	NA	4.5	59	1
D131	ssmi	9H_Ssmi_4	D	131	14.5	8	18	1	26	0	13.08.2015	30.07.2015	NA	NA	NA	4.91	12	1
D132	ptom	9I_Ptom_5	D	132	15	8	18	1	51	0	07.09.2015	22.08.2015	NA	NA	NA	3.67	35	1
D133	ssem	SS	D	133	15.5	8	12	0	84	1	NA	16.08.2015	0.643351268	0.566487317	NA	2.25	29	1
D134	ptom	Pt_m_4	D	134	16	8	15	1	42	0	29.08.2015	12.08.2015	NA	NA	NA	5.24	25	1
D135	pmal	Pmal_1_RDC	D	135	16.5	8	12	1	47	0	03.09.2015	12.08.2015	NA	NA	NA	4.14	25	1
D136	dry	DL_m_2	D	136	17	8	9	0	84	1	NA	NA	1.086546986	0.468971631	0.153763557	4.98	84	0
D137	sjoh	ou_SJoh_23A	D	137	13.5	8.5	9	0	84	1	NA	01.09.2015	0.992793699	0.598793363	NA	3.64	45	1
D138	dry	Dl_m_4	D	138	14	8.5	15	0	84	1	NA	NA	1.07956234	0.541874916	0.167051765	5.69	84	0
D139	dry	DL_m_1	D	139	14.5	8.5	12	0	84	1	NA	NA	1.087426111	0.520542947	0.171280924	5.65	84	0
D140	sjoh	SJ_m_5	D	140	15	8.5	18	0	84	1	NA	NA	1.067172012	0.510787172	0.196104246	3.71	84	0
D141	ptom	Ptom_2_RDC	D	141	15.5	8.5	0	0	84	1	NA	NA	1.009780163	0.444607928	0.218245048	5	84	0
D142	slep	9P_Slep_2	D	142	16	8.5	12	0	84	1	NA	16.08.2015	0.92292769	0.380246914	0.155530954	5.09	29	1
D143	ssem	Ssem_ou	D	143	16.5	8.5	9	1	48	0	04.09.2015	18.08.2015	NA	NA	NA	2.55	31	1
D144	dry	DL_m_3	D	144	17	8.5	21	0	84	1	NA	NA	1.034210074	0.528279182	NA	4.63	84	0
D145	ssem	Ssem_ou	D	145	13.5	9	15	0	84	1	NA	01.08.2015	1.035500598	0.673314719	NA	3.51	14	1
D146	dry	DL_Tawau	D	146	14	9	15	0	84	1	NA	01.10.2015	1.097782031	0.477426255	0.167051765	5.22	75	1
D147	ptom	9J_Ptom_14	D	147	14.5	9	15	0	84	1	NA	14.08.2015	0.789626757	0.636209404	NA	4.17	27	1
D148	sjoh	SJoh_m	D	148	15	9	0	0	84	1	NA	11.08.2015	0.902091503	0.374640523	NA	3.9	24	1
D149	slep	SL_m_108	D	149	15.5	9	3	0	84	1	NA	31.08.2015	0.884052102	0.312208949	0.21142489	3.77	44	1
D150	ssmi	Ssmi_3A	D	150	16	9	6	0	84	1	NA	NA	1.037772087	0.44734315	0.216499088	4.82	84	0
D151	spar	Spar_1	D	151	16.5	9	9	0	84	1	NA	NA	0.973284442	0.433036494	0.169139912	4.28	84	0
D152	ssmi	Ssmi_19	D	152	17	9	9	0	84	1	NA	NA	1.023866615	0.450064128	0.205018076	6.85	84	0
D153	ptom	Pt_m_4	D	153	13.5	9.5	6	0	84	1	NA	15.09.2015	1.090196416	0.514558925	NA	3.95	59	1
D154	sjoh	8m_SJoh_9	D	154	14	9.5	18	1	32	0	19.08.2015	29.07.2015	NA	NA	NA	4.38	11	1
D155	pmal	Pmal_1_RDC	D	155	14.5	9.5	3	0	84	1	NA	20.09.2015	1.053035227	0.527362537	0.225519883	3.25	64	1
D156	ssem	SS	D	156	15	9.5	0	0	84	1	NA	NA	1.101491003	0.513213368	0.159190506	2.92	84	0
D157	sbec	SHOREABECCARINA_Sbec	D	157	15.5	9.5	18	0	84	1	NA	12.08.2015	0.549363697	0.478633624	NA	4.85	25	1
D158	spar	Sp_m_1	D	158	16	9.5	18	0	84	1	NA	23.07.2015	0.952719255	0.515801078	0.190580183	4.66	5	1
D159	slep	SL_m_108	D	159	16.5	9.5	21	0	84	1	NA	27.08.2015	0.464148716	0.384921806	NA	4.74	40	1
D160	spar	9Q_Spar_10	D	160	17	9.5	0	0	84	1	NA	NA	0.901044367	0.36234353	NA	4.18	84	0
E1	sxan	9K_Sxan_29	E	1	18	0	21	1	32	0	19.08.2015	08.08.2015	NA	NA	NA	3.64	21	1
E2	sxan	Sxan_3_RDC	E	2	18.5	0	9	1	42	0	29.08.2015	11.08.2015	NA	NA	NA	2.84	24	1
E3	pmal	Pmal_1_RDC	E	3	19	0	12	1	14	0	01.08.2015	07.08.2015	NA	NA	NA	4.87	20	1
E4	sjoh	S.Joh_m_7	E	4	19.5	0	18	0	84	1	NA	11.08.2015	0.990700034	0.522319919	0.178042013	4.49	24	1
E5	sxan	8L_Sxan_10	E	5	20	0	15	1	26	0	13.08.2015	04.08.2015	NA	NA	NA	3.78	17	1
E6	sjoh	8L_SJoh_50	E	6	20.5	0	9	0	84	1	NA	25.08.2015	0.997022148	0.479620324	0.148694428	3.66	38	1
E7	spar	9Q_Spar_10	E	7	21	0	21	1	31	0	18.08.2015	04.08.2015	NA	NA	NA	4.06	17	1
E8	ssem	SS	E	8	21.5	0	6	0	84	1	NA	01.09.2015	1.074651981	0.662689307	NA	3.68	45	1
E9	dry	DL_m_6	E	9	18	0.5	0	0	84	1	NA	NA	1.075419318	0.388201272	0.159190506	2.97	84	0
E10	spar	Sp_m_1	E	10	18.5	0.5	18	1	54	0	10.09.2015	17.08.2015	NA	NA	NA	4.47	30	1
E11	sjoh	ou_SJoh	E	11	19	0.5	18	1	32	0	19.08.2015	26.07.2015	NA	NA	NA	3.74	8	1
E12	sbec	SHOREABECCARINA_Sbec	E	12	19.5	0.5	15	0	84	1	NA	29.07.2015	0.816115063	0.546087225	NA	5.81	11	1
E13	sxan	ou_sxan_2	E	13	20	0.5	6	0	84	1	NA	NA	0.706318681	0.601373626	0.186637145	2.65	84	0
E14	ssem	SS	E	14	20.5	0.5	9	0	84	1	NA	NA	1.112938596	0.607236842	NA	3.98	84	0
E15	pmal	Pmal_Tawau	E	15	21	0.5	0	0	84	1	NA	NA	1.002913974	0.49790954	0.2081722	4.23	84	0
E16	spar	SP_m_7	E	16	21.5	0.5	21	1	51	0	07.09.2015	04.08.2015	NA	NA	NA	2.89	17	1
E17	ptom	All_Ptom_4	E	17	18	1	18	1	32	0	19.08.2015	01.08.2015	NA	NA	NA	3	14	1
E18	ssmi	Ssmi_5	E	18	18.5	1	3	0	84	1	NA	31.07.2015	1.040397045	0.410357033	0.187933236	4.28	13	1
E19	sbec	SHOREABECCARINA_Sbec	E	19	19	1	12	1	54	0	10.09.2015	12.08.2015	NA	NA	NA	3.69	25	1
E20	ssem	SS	E	20	19.5	1	6	0	84	1	NA	NA	1.140358678	0.560545428	0.159190506	3.31	84	0
E21	slep	8P_Slep_4	E	21	20	1	6	0	84	1	NA	18.08.2015	0.921409515	0.416629613	NA	4.73	31	1
E22	sbec	Sbec_Sfr	E	22	20.5	1	6	0	84	1	NA	16.08.2015	0.872236671	0.575747724	NA	3.96	29	1
E23	sjoh	8L_SJoh_50	E	23	21	1	21	1	26	0	13.08.2015	04.08.2015	NA	NA	NA	3.71	17	1
E24	sjoh	8m_SJoh_7	E	24	21.5	1	9	0	84	1	NA	29.08.2015	0.976903727	0.442030643	NA	2.98	42	1
E25	slep	SL_maliau	E	25	18	1.5	0	0	84	1	NA	17.08.2015	0.85215816	0.354206049	NA	4.05	30	1
E26	slep	SL_m_72	E	26	18.5	1.5	3	1	58	0	14.09.2015	28.08.2015	0.600421243	0.492402588	NA	4.21	41	1
E27	pmal	8L_Pmal_9	E	27	19	1.5	18	1	34	0	21.08.2015	02.08.2015	NA	NA	NA	4.56	15	1
E28	ptom	Ptom_1_RDC	E	28	19.5	1.5	0	0	84	1	NA	NA	1.057094017	0.637606838	0.132011639	2.63	84	0
E29	spar	Spar_1	E	29	20	1.5	9	0	84	1	NA	NA	1.031618225	0.411822467	0.185358808	4.52	84	0
E30	slep	SL_m_108	E	30	20.5	1.5	3	0	84	1	NA	22.08.2015	0.851245403	0.397002706	0.214780841	4.23	35	1
E31	spar	Sp_m_6	E	31	21	1.5	12	1	37	0	24.08.2015	11.08.2015	NA	NA	NA	3.98	24	1
E32	ssmi	Ssmi_Tawau	E	32	21.5	1.5	15	0	84	1	NA	31.08.2015	0.974812433	0.347726229	0.143948862	5.6	44	1
E33	ptom	Ptom_3	E	33	18	2	12	0	84	1	NA	NA	1.022543149	0.467535517	NA	4.88	84	0
E34	dry	Dl_m_4	E	34	18.5	2	21	0	84	1	NA	NA	1.094552502	0.544403682	NA	5.8	84	0
E35	ssem	Ssem_ou	E	35	19	2	18	0	84	1	NA	25.08.2015	1.078511459	0.674381666	0.180415906	3.5	38	1
E36	spar	SP_m_7	E	36	19.5	2	0	0	84	1	NA	25.07.2015	0.936078431	0.487843137	0.165014549	2.08	7	1
E37	sbec	Sbec_Sfr	E	37	20	2	9	1	55	0	11.09.2015	01.09.2015	NA	NA	0.152035876	3.24	45	1
E38	dry	Dl_m_4	E	38	20.5	2	6	0	84	1	NA	NA	1.109328539	0.520918332	0.150346589	4.89	84	0
E39	ssmi	Ssmi_19	E	39	21	2	15	1	35	0	22.08.2015	31.07.2015	NA	NA	NA	4.64	13	1
E40	dry	DL_m_6	E	40	21.5	2	3	0	84	1	NA	NA	1.115664715	0.512209053	NA	3.42	84	0
E41	pmal	Pm_m_4	E	41	18	2.5	18	1	39	0	26.08.2015	07.08.2015	NA	NA	NA	3.96	20	1
E42	sbec	Sbec_Sfr	E	42	18.5	2.5	3	0	84	1	NA	NA	1.005039831	0.615672248	0.133972208	4.14	84	0
E43	sjoh	ou_SJoh_23A	E	43	19	2.5	3	0	84	1	NA	NA	0.886686009	0.419890393	NA	3.71	84	0
E44	ssem	SS	E	44	19.5	2.5	18	1	32	0	19.08.2015	04.08.2015	NA	NA	NA	2.56	17	1
E45	sxan	Sxan_1	E	45	20	2.5	0	0	84	1	NA	NA	1.045331651	0.538662581	0.174596039	4.58	84	0
E46	spar	Sp_m_6	E	46	20.5	2.5	12	0	84	1	NA	15.09.2015	0.804797643	0.37090552	NA	4.19	59	1
E47	slep	SL_maliau	E	47	21	2.5	12	0	84	1	NA	NA	0.983992257	0.339587521	0.250577648	4.28	84	0
E48	sxan	9K_Sxan_29	E	48	21.5	2.5	18	1	42	0	29.08.2015	11.08.2015	NA	NA	NA	3.01	24	1
E49	slep	SL_m_72	E	49	18	3	15	1	39	0	26.08.2015	25.08.2015	0.974809253	0.486738525	NA	4.07	38	1
E50	sbec	Sbec_Sfr	E	50	18.5	3	21	1	70	0	26.09.2015	29.07.2015	NA	NA	NA	3.78	11	1
E51	sbec	SHOREABECCARINA_Sbec	E	51	19	3	18	0	84	1	NA	24.07.2015	0.585265164	0.496665608	NA	2.84	6	1
E52	slep	12I_Slep_3	E	52	19.5	3	12	0	84	1	NA	NA	1.00120958	0.426417224	0.214780841	5.26	84	0
E53	sxan	8L_Sxan_10	E	53	20	3	3	0	84	1	NA	10.08.2015	1.022180451	0.709586466	0.124424763	3.56	23	1
E54	ssem	SS	E	54	20.5	3	0	0	84	1	NA	NA	1.046640755	0.709605775	0.26531751	2.01	84	0
E55	ssem	SS	E	55	21	3	15	1	42	0	29.08.2015	25.08.2015	NA	NA	NA	3.37	38	1
E56	slep	12H_Slep_8	E	56	21.5	3	15	0	84	1	NA	NA	0.9305391	0.361004147	0.2081722	5.12	84	0
E57	spar	Sp_m_6	E	57	18	3.5	15	0	84	1	NA	28.07.2015	0.708129285	0.576722168	NA	4.52	10	1
E58	sjoh	8m_SJoh_7	E	58	18.5	3.5	12	0	84	1	NA	30.07.2015	0.927709152	0.439781022	NA	4.01	12	1
E59	spar	Sp_m_1	E	59	19	3.5	15	1	14	0	01.08.2015	01.09.2015	NA	NA	NA	4.06	45	1
E60	dry	DL_m_1	E	60	19.5	3.5	18	0	84	1	NA	NA	1.087846154	0.458307692	0.145496699	5.17	84	0
E61	ssem	SS	E	61	20	3.5	3	0	84	1	NA	07.09.2015	1.149247312	0.659784946	0.175729779	3.28	51	1
E62	ptom	9I_Ptom_5	E	62	20.5	3.5	9	0	84	1	NA	NA	1.06037001	0.469522882	0.214780841	5.31	84	0
E63	dry	DL_m_3	E	63	21	3.5	18	0	84	1	NA	NA	1.125014854	0.587284611	0.180415906	4.67	84	0
E64	ptom	Ptom_1_RDC	E	64	21.5	3.5	9	0	84	1	NA	28.08.2015	1.037792442	0.49470106	NA	4.33	41	1
E65	sbec	Sbec_Sfr	E	65	18	4	15	1	38	0	25.08.2015	17.08.2015	NA	NA	NA	3.69	30	1
E66	sxan	8m_Sxan_3	E	66	18.5	4	12	1	26	0	13.08.2015	11.08.2015	NA	NA	NA	3.47	24	1
E67	dry	DL_m_1	E	67	19	4	3	0	84	1	NA	NA	1.090021512	0.477742843	0.130107625	5.71	84	0
E68	sjoh	8m_SJoh_9	E	68	19.5	4	21	1	37	0	24.08.2015	11.08.2015	NA	NA	NA	4.48	24	1
E69	dry	DL_m_7	E	69	20	4	6	0	84	1	NA	NA	1.090104403	0.504690573	0.148694428	5.5	84	0
E70	sxan	Sxan_1	E	70	20.5	4	12	1	35	0	22.08.2015	16.08.2015	NA	NA	NA	4.68	29	1
E71	ssmi	Ssmi_4	E	71	21	4	21	1	40	0	27.08.2015	27.07.2015	NA	NA	NA	5.25	9	1
E72	ssmi	Ssmi_m_2	E	72	21.5	4	3	0	84	1	NA	NA	1.052747067	0.464089797	0.165014549	4.19	84	0
E73	sbec	SHOREABECCARINA_Sbec	E	73	18	4.5	18	0	84	1	NA	NA	1.01368241	0.462044468	0.187933236	5.1	84	0
E74	ptom	Ptom_4	E	74	18.5	4.5	6	0	84	1	NA	NA	1.059082954	0.44879244	0.187933236	5.02	84	0
E75	sjoh	SJ_m_4	E	75	19	4.5	0	0	84	1	NA	NA	0.963016796	0.449612403	0.201958104	4.93	84	0
E76	dry	DL_Tawau	E	76	19.5	4.5	9	0	84	1	NA	NA	1.116107097	0.532341691	0.137605352	4.1	84	0
E77	ssmi	Ssmi_19	E	77	20	4.5	18	1	66	0	22.09.2015	01.09.2015	NA	NA	NA	4.89	45	1
E78	ptom	Pt_m_2	E	78	20.5	4.5	0	0	84	1	NA	NA	1.110929611	0.753638254	0.175729779	3.58	84	0
E79	pmal	Pmal_Tawau	E	79	21	4.5	9	0	84	1	NA	25.08.2015	NA	NA	NA	4.02	38	1
E80	ptom	Pt_m_5	E	80	21.5	4.5	21	1	53	0	09.09.2015	08.08.2015	0.636730925	0.521066605	NA	4.77	21	1
E81	ptom	Ptom_2_RDC	E	81	18	5	3	1	69	0	25.09.2015	NA	1.084151056	0.539894935	0.221822836	3.87	84	0
E82	ssem	SS	E	82	18.5	5	12	0	84	1	NA	11.08.2015	1.137241839	0.699755718	NA	3.67	24	1
E83	dry	DL_m_3	E	83	19	5	12	0	84	1	NA	NA	1.119208456	0.480092188	0.140949927	4.54	84	0
E84	sjoh	SJ_m_10	E	84	19.5	5	6	0	84	1	NA	NA	0.98236372	0.495648191	0.180415906	3.37	84	0
E85	ssmi	9H_Ssmi_4	E	85	20	5	6	0	84	1	NA	16.08.2015	1.017169959	0.362670349	0.183473803	5.28	29	1
E86	sjoh	SJ_m_6	E	86	20.5	5	6	0	84	1	NA	27.07.2015	0.977998952	0.447983237	0.154642206	4.17	9	1
E87	sbec	SHOREABECCARINA_Sbec	E	87	21	5	0	0	84	1	NA	NA	1.030850263	0.396388262	0.145496699	4.5	84	0
E88	pmal	8L_Pmal_9	E	88	21.5	5	21	1	34	0	21.08.2015	26.07.2015	NA	NA	NA	4.36	8	1
E89	pmal	Pm_m_6	E	89	18	5.5	15	0	84	1	NA	07.09.2015	1.097126969	0.645412419	NA	3.45	51	1
E90	sbec	SHOREABECCARINA_Sbec	E	90	18.5	5.5	3	0	84	1	NA	NA	1.055845942	0.496928015	0.152464146	4.41	84	0
E91	ptom	9J_Ptom_14	E	91	19	5.5	21	1	40	0	27.08.2015	29.07.2015	NA	NA	NA	4.09	11	1
E92	pmal	9L_Pmal_9	E	92	19.5	5.5	0	0	84	1	NA	NA	1.021242866	0.503170577	0.193302757	2.73	84	0
E93	sjoh	8m_SJoh_6	E	93	20	5.5	12	0	84	1	NA	19.08.2015	0.95308642	0.460356653	NA	4.28	32	1
E94	sxan	9K_Sxan_2	E	94	20.5	5.5	0	0	84	1	NA	NA	1.065591544	0.570266974	0.125871563	2.99	84	0
E95	pmal	Pm_m_3	E	95	21	5.5	3	0	84	1	NA	NA	1.11385862	0.622101146	NA	3.95	84	0
E96	slep	Slep_1	E	96	21.5	5.5	9	0	84	1	NA	21.09.2015	0.968647696	0.524301184	NA	4.23	65	1
E97	pmal	Pm_m_4	E	97	18	6	21	0	84	1	NA	28.07.2015	0.54961705	0.624209124	NA	3.62	10	1
E98	pmal	Pmal_m_2	E	98	18.5	6	9	0	84	1	NA	10.08.2015	0.984845108	0.502340094	NA	3.38	23	1
E99	dry	DL_m_7	E	99	19	6	12	0	84	1	NA	NA	1.093820365	0.520015011	0.117662548	5.52	84	0
E100	ssmi	Ssmi_4	E	100	19.5	6	9	0	84	1	NA	08.08.2015	0.996996195	0.327481477	NA	6.4	21	1
E101	ptom	8L_Ptom_6	E	101	20	6	15	1	47	0	03.09.2015	19.08.2015	NA	NA	NA	3.74	32	1
E102	ssem	SS	E	102	20.5	6	9	0	84	1	NA	25.08.2015	1.151084518	0.740463725	NA	2.81	38	1
E103	ssmi	Ssmi_Tawau	E	103	21	6	18	1	48	0	04.09.2015	20.08.2015	NA	NA	NA	6.04	33	1
E104	pmal	Pmal_m_1	E	104	21.5	6	12	0	84	1	NA	NA	1.019419924	0.554602774	NA	4.17	84	0
E105	slep	8P_Slep_4	E	105	18	6.5	18	0	84	1	NA	22.09.2015	0.916405842	0.389540949	NA	4.5	66	1
E106	sxan	9K_Sxan_2	E	106	18.5	6.5	18	1	32	0	19.08.2015	04.08.2015	NA	NA	NA	2.96	17	1
E107	ptom	Ptom_m_3	E	107	19	6.5	6	0	84	1	NA	01.09.2015	1.026400515	0.542176433	0.177458269	3.94	45	1
E108	ssem	SS	E	108	19.5	6.5	12	0	84	1	NA	NA	1.253399668	0.799004975	NA	3.17	84	0
E109	slep	SL_m_108	E	109	20	6.5	21	0	84	1	NA	29.07.2015	0.796111309	0.383160899	NA	3.87	11	1
E110	dry	DL_m_1	E	110	20.5	6.5	21	0	84	1	NA	NA	1.101229896	0.464443393	0.126459748	5.64	84	0
E111	sbec	SHOREABECCARINA_Sbec	E	111	21	6.5	21	1	15	0	02.08.2015	03.08.2015	NA	NA	NA	3.99	16	1
E112	ssmi	Ssmi_3A	E	112	21.5	6.5	12	0	84	1	NA	02.08.2015	1.060847039	0.376468462	0.163026422	4.06	15	1
E113	ssem	Ssem_ou	E	113	18	7	15	0	84	1	NA	25.08.2015	0.92883587	0.770464829	NA	3.34	38	1
E114	pmal	8_m_Pmal_8	E	114	18.5	7	15	1	35	0	22.08.2015	30.07.2015	NA	NA	NA	3.24	12	1
E115	sbec	SHOREABECCARINA_Sbec	E	115	19	7	0	0	84	1	NA	NA	1.032246311	0.450719621	0.159190506	3.91	84	0
E116	spar	SP_m_5	E	116	19.5	7	0	0	84	1	NA	25.08.2015	0.916884247	0.453002611	0.171280924	4.36	38	1
E117	ssmi	Ssmi_Tawau	E	117	20	7	6	0	84	1	NA	NA	1.042238364	0.347928437	0.221822836	4.82	84	0
E118	sjoh	8m_SJoh_6	E	118	20.5	7	0	0	84	1	NA	21.08.2015	0.914165608	0.406784632	NA	4.57	34	1
E119	slep	8P_Slep_4	E	119	21	7	0	0	84	1	NA	06.10.2015	0.880199667	0.243800016	NA	4.73	80	1
E120	dry	DL_m_2	E	120	21.5	7	0	0	84	1	NA	NA	1.056343427	0.458183212	0.13531193	5.58	84	0
E121	dry	DL_m_2	E	121	18	7.5	15	0	84	1	NA	14.09.2015	1.104715762	0.507105943	0.114671127	5.42	58	1
E122	sjoh	ou_SJoh_23A	E	122	18.5	7.5	15	1	20	0	07.08.2015	05.08.2015	NA	NA	NA	3.7	18	1
E123	ptom	Ptom_1_RDC	E	123	19	7.5	15	1	59	0	15.09.2015	25.08.2015	NA	NA	NA	3.46	38	1
E124	sxan	8m_Sxan_3	E	124	19.5	7.5	6	0	84	1	NA	NA	0.858109741	0.602368866	NA	3.87	84	0
E125	slep	8Q_Slep_4	E	125	20	7.5	18	1	67	0	23.09.2015	19.08.2015	0.541355037	0.460844699	NA	3.2	32	1
E126	sjoh	8L_SJoh_50	E	126	20.5	7.5	3	0	84	1	NA	28.08.2015	1.010181917	0.460358403	0.173476833	3.18	41	1
E127	sjoh	8m_SJoh_7	E	127	21	7.5	15	0	84	1	NA	13.08.2015	0.673868883	0.572668513	NA	4.34	26	1
E128	ssem	SS	E	128	21.5	7.5	21	1	40	0	27.08.2015	31.07.2015	NA	NA	NA	3.47	13	1
E129	ssmi	Ssmi_m_2	E	129	18	8	21	0	84	1	NA	NA	0.492616559	0.423759748	NA	4.58	84	0
E130	ssem	SS	E	130	18.5	8	21	1	69	0	25.09.2015	31.07.2015	0.759332954	0.664771651	NA	4.39	13	1
E131	sbec	SHOREABECCARINA_Sbec	E	131	19	8	6	0	84	1	NA	04.08.2015	1.218972002	0.924362725	NA	3.47	17	1
E132	slep	12I_Slep_3	E	132	19.5	8	21	0	84	1	NA	NA	0.881180919	0.326425247	0.218245048	5.01	84	0
E133	sxan	8n_Sxan	E	133	20	8	21	1	41	0	28.08.2015	04.08.2015	NA	NA	NA	3.14	17	1
E134	sxan	Sxan_1_RDC	E	134	20.5	8	15	1	27	0	14.08.2015	05.08.2015	NA	NA	NA	3.77	18	1
E135	ssmi	Ssmi_Tawau	E	135	21	8	12	0	84	1	NA	25.08.2015	0.943065418	0.351787846	0.190580183	5.34	38	1
E136	pmal	9j_Pmal_1	E	136	21.5	8	6	0	84	1	NA	NA	1.081689599	0.577311652	0.193302757	4.3	84	0
E137	spar	9P_Spar_2	E	137	18	8.5	18	1	26	0	13.08.2015	25.07.2015	0.480336006	0.40015273	NA	2.88	7	1
E138	dry	DL_m_7	E	138	18.5	8.5	9	0	84	1	NA	NA	1.104713894	0.509153622	0.140949927	5.06	84	0
E139	sbec	Sbec_Sfr	E	139	19	8.5	12	1	69	0	25.09.2015	06.08.2015	0.645744331	0.344396977	NA	3.53	19	1
E140	spar	9P_Spar_2	E	140	19.5	8.5	3	0	84	1	NA	11.08.2015	0.90576536	0.393867645	NA	3.44	24	1
E141	ssem	SS	E	141	20	8.5	0	0	84	1	NA	NA	1.089649477	0.490732244	0.175729779	3.77	84	0
E142	sxan	8L_Sxan_10	E	142	20.5	8.5	9	0	84	1	NA	NA	0.931234466	0.665285833	NA	3.42	84	0
E143	pmal	Pm_m_5	E	143	21	8.5	6	0	84	1	NA	31.08.2015	0.968977132	0.459404361	0.180415906	4.59	44	1
E144	sxan	8n_Sxan	E	144	21.5	8.5	3	1	81	0	07.10.2015	01.09.2015	0.638223004	0.542555531	NA	3.55	45	1
E145	slep	SL_m_114	E	145	18	9	9	0	84	1	NA	06.08.2015	0.924950682	0.364954113	0.165014549	3.88	19	1
E146	spar	SP_m_7	E	146	18.5	9	6	0	84	1	NA	22.09.2015	0.931317371	0.398645426	0.175729779	4.07	66	1
E147	ssmi	Ssmi_5	E	147	19	9	0	0	84	1	NA	NA	0.944418165	0.410517187	0.2081722	6.01	84	0
E148	spar	SP_m_5	E	148	19.5	9	9	0	84	1	NA	31.08.2015	1.043021511	0.470735368	0.196104246	3.03	44	1
E149	dry	DL_m_3	E	149	20	9	15	0	84	1	NA	NA	1.114067657	0.527021452	0.159190506	4.31	84	0
E150	ssem	SS	E	150	20.5	9	3	0	84	1	NA	29.08.2015	1.112147134	0.624037639	0.178042013	2.19	42	1
E151	slep	9P_Slep_2	E	151	21	9	6	0	84	1	NA	06.10.2015	1.004840445	0.47651488	0.221822836	3.26	80	1
E152	spar	9Q_Spar_10	E	152	21.5	9	6	0	84	1	NA	NA	0.981491562	0.507348938	NA	3.51	84	0
E153	ptom	9I_Ptom_5	E	153	18	9.5	18	1	41	0	28.08.2015	27.07.2015	NA	NA	NA	3.71	9	1
E154	ptom	Ptom_4	E	154	18.5	9.5	12	0	84	1	NA	NA	1.110202631	0.498637279	0.2081722	4.06	84	0
E155	spar	Sp_m_3	E	155	19	9.5	3	0	84	1	NA	NA	0.95935787	0.193735317	0.185358808	4.25	84	0
E156	ssmi	Ssmi_4	E	156	19.5	9.5	0	0	84	1	NA	24.07.2015	0.997520661	0.45892562	0.148694428	5	6	1
E157	pmal	9L_Pmal_9	E	157	20	9.5	3	0	84	1	NA	12.08.2015	1.027000794	0.489985	NA	4.16	25	1
E158	ssmi	Ssmi_5	E	158	20.5	9.5	9	0	84	1	NA	NA	1.03323575	0.399001205	0.214780841	5.54	84	0
E159	ptom	9I_Ptom_5	E	159	21	9.5	3	0	84	1	NA	17.08.2015	1.05972642	0.423174805	NA	3.85	30	1
E160	sbec	Sbec_Sfr	E	160	21.5	9.5	9	0	84	1	NA	08.08.2015	0.718268359	0.604714415	NA	4.82	21	1
